621
1202
1921
2521
3159
3881
4579
5439
6077
6919
7577
8830
9657
10296
11014
11658
12473
13274
14005
14692
15457
16254
17092
17694
18493
19052
19833
20632
21272
21891
22692
23508
24294
25027
25731
26408
27090
27827
28590
29286
29907
30688
31667
32189
32829
33551
34128
34851
35450
36030
36606
37228
37830
38409
38909
39549
40129
40712
41169
41868
42327
42989
43609
44406
44949
45748
46447
47207
47828
48429
49187
49787
50585
51286
51967
52605
53108
53847
54727
55387
55987
56908
57487
58407
59126
59765
60423
61105
61627
