964
1662
2241
nan
3546
4259
5040
5782
6520
7240
nan
9258
10000
10737
11456
12215
12894
13736
14395
15296
nan
16756
17416
18193
18955
19654
20336
21032
21651
22234
22930
23872
24713
25352
26167
26887
27510
28312
28995
29670
30408
31231
31989
32687
33289
34011
34593
35216
35829
36368
36929
37569
38168
38770
nan
40008
40430
41090
41649
42227
nan
43387
44087
44767
45427
nan
46707
47628
48267
48948
nan
nan
51046
51567
52308
52966
nan
nan
nan
55807
nan
nan
57986
58765
59467
60106
60785
nan
nan
