915
1589
2202
nan
3510
4216
5014
5756
6504
7234
nan
9235
9976
10699
11413
12172
12863
13704
14390
15273
nan
16748
17399
18153
18932
19634
20294
20984
21647
22225
22908
23853
24675
25347
26141
26863
27496
28266
28947
29665
30400
31211
31985
32678
33279
33990
34580
35196
35822
36352
36911
37561
38148
38760
nan
40001
40422
41067
41643
42206
nan
43377
44081
44755
45409
nan
46688
47607
48261
48942
nan
nan
51029
51557
52299
52959
nan
nan
nan
55796
nan
nan
57969
58747
59449
60098
60765
nan
nan
