867
1507
2170
2817
3459
4090
4709
5350
5991
6636
7287
7950
8621
9294
9963
10653
11335
12020
12701
13348
13988
14636
16545
18409
19032
19666
20306
20966
21627
22289
22946
23581
24228
24879
25532
26190
26847
27497
28128
28619
29299
29795
30630
31308
31953
33208
nan
34432
35025
35607
36189
36763
37333
37899
38470
nan
39592
40143
40690
41233
41778
42328
42869
43409
43952
44489
44826
45584
46138
47256
47806
48358
48906
49456
50011
50573
50971
51717
52306
52878
53458
54034
54609
55184
55758
56329
56893
57451
58004
58554
59099
59640
60188
60735
