323
1069
1792
2502
3258
3996
4722
5496
6254
7039
7849
8676
9534
10328
11079
11858
12716
13581
14374
15183
16010
16814
17585
18431
19336
20258
21153
22041
22889
23776
24564
25363
26178
27004
27851
28652
29472
30269
31049
31857
32567
33264
34010
34771
35501
36263
37026
37781
38525
39268
40001
40709
41429
42167
42957
43746
44550
45303
46081
46905
47752
48567
49421
50296
51130
51983
52894
53840
54734
55636
56580
57529
58423
59328
