368
1168
1839
2545
3392
4066
4808
5545
6326
7083
7889
8726
9650
10425
11129
11976
12845
13629
14490
15289
16074
16851
17626
18502
19449
20376
21214
22096
22933
23838
24633
25513
26232
27059
27937
28714
29515
30311
31091
31899
32611
33317
34050
34830
35572
36296
37056
37839
38582
39320
40044
40741
41474
42207
42993
43861
44592
45351
46115
46980
47784
48603
49461
50350
51228
52018
52937
53906
54764
55674
56638
57568
58477
59372
