1207
2001
2830
3555
4349
5140
5945
6716
7452
8221
9000
9759
10548
11312
12101
12879
13655
14473
15228
15980
16827
17604
18425
19259
20019
20938
21797
22635
23457
24317
25123
25921
26695
27441
28254
28835
29877
30737
31479
32358
33353
33825
34476
35354
36034
36994
37657
38413
39153
39916
40775
41537
42338
43054
43895
44670
45373
46174
46954
47712
48364
49214
49992
50813
51557
52339
53128
53950
54754
55551
56301
57132
57954
58728
59546
nan
