859
1677
2481
3241
3841
4783
5605
6364
7094
7881
8436
9424
10124
10977
11757
12535
13328
14127
14899
15712
16486
17295
18101
18912
19749
20397
21458
22318
23101
23989
24787
25477
26399
27140
27920
28703
29536
30402
31116
31899
33331
33441
34137
34993
35598
36378
37174
37895
38815
39416
40358
41139
41815
42716
43314
44154
45033
45814
46575
47334
48113
48873
49455
50428
51206
52014
52794
53594
54311
55209
55991
56731
57470
58394
59048
59989
