416
429
447
432
417
396
414
435
420
483
446
404
423
490
380
391
421
418
443
438
407
411
410
424
457
415
405
419
419
444
446
429
425
430
407
411
414
463
428
404
407
408
414
411
423
429
429
439
396
484
403
385
433
434
431
428
427
428
428
424
431
430
427
429
425
422
426
427
427
429
424
427
426
426
425
428
427
443
435
423
430
434
449
425
424
428
432
438
416
440
432
419
419
427
434
424
420
425
434
416
419
