183
745
1503
2103
2829
3388
4322
5035
5647
6150
7188
7777
8462
9273
9805
10458
11011
11712
12297
12893
13517
14088
14734
15456
16153
16836
17486
18110
18713
19250
19892
20499
21093
21675
22299
22904
23528
24250
24853
25512
26132
26765
27378
28032
28599
29338
30000
30478
31208
31786
nan
32992
33567
34138
34693
35246
35795
36332
36880
37429
37964
38510
39062
39613
40177
40738
41301
41866
42430
42997
43566
44155
44752
45362
45971
46573
47168
47754
48297
48850
49393
49936
50488
51038
51587
52151
52727
53290
53861
54437
55014
55588
56162
56728
57288
57839
58389
58936
59475
60016
60560
