519
521
522
517
514
535
501
531
506
514
521
529
527
562
529
489
519
516
525
516
518
526
522
517
548
517
498
514
524
537
527
534
520
523
522
520
514
526
520
522
525
515
536
513
520
514
497
556
489
581
453
523
524
521
522
519
524
525
519
526
528
525
527
525
523
527
525
526
526
527
525
524
523
524
525
526
523
527
527
529
528
529
526
530
523
520
537
522
539
523
522
523
527
530
527
524
528
524
518
530
