316
1302
2181
3166
3947
4767
5673
6616
7254
8192
9044
9941
10984
11660
12472
13566
14242
15145
16074
16969
17873
18870
19702
20461
21367
22299
23399
23998
24954
25821
26729
27051
27401
28418
29428
30380
31191
31956
32761
33059
33427
34151
34930
35833
36272
36890
37815
38440
39060
nan
40638
41288
42155
42926
43647
44236
44994
45772
46613
47519
48236
49059
49704
50532
51452
52257
53033
53767
54526
55506
56082
56960
57728
58613
59664
59863
60380
