748
1586
2579
3356
4305
5316
6126
6993
7826
8714
9579
10451
11362
12163
12969
13927
14700
15637
16546
17419
18371
19198
20072
21060
21931
22895
23714
24369
25358
26167
nan
27456
27990
28831
29782
30735
31504
32478
32904
33571
33969
34423
35247
nan
nan
37306
37986
38842
39536
40307
41048
41811
nan
43028
43964
44776
nan
46319
nan
47831
48624
nan
50212
51023
51839
52508
53330
54197
54856
nan
56600
57461
58296
58951
59766
nan
60677
