219
902
1438
2191
2813
3346
3942
4819
5652
6489
7313
8152
8988
9771
10541
11156
12040
12818
13548
14280
14998
15524
16400
17097
17772
18496
19222
19963
20709
21478
22254
23037
23802
24556
25310
26066
26801
27529
28242
28942
29637
30173
31023
31627
32276
32942
33614
34320
34957
35459
36298
36809
37659
38334
39024
39677
40187
41008
41647
42130
42786
43327
43920
44558
45053
45684
46331
47005
47826
48425
49364
50147
50781
51682
52247
53045
53657
54258
54834
55416
56076
56815
57536
58238
58908
59539
60202
60820
