581
1284
1925
2558
3178
3801
4437
5166
6017
6857
7679
8519
9350
10133
10913
11671
12426
13186
13917
14630
15367
16072
16761
17455
18158
18863
19579
20309
21085
21839
22623
23393
24170
24918
25683
26403
27197
27895
28616
29309
30021
30698
31399
32080
32725
33379
34024
34689
35325
35970
36673
37348
38015
38707
nan
40035
40717
41335
41982
42603
43212
nan
44410
44977
45565
46190
46805
47471
48249
nan
49718
50499
51310
52052
52692
53394
54008
54711
55356
55949
56604
57351
58033
58745
59409
60050
60700
61395
