408
1121
1848
2581
3314
4069
4852
5651
6464
7269
8055
8819
9549
10271
10985
11695
12405
13105
13811
14525
15256
15998
16756
17501
18247
18991
19717
20434
21122
21810
22492
23172
23860
24554
25252
25962
26692
27440
28206
28975
29736
30470
31200
31909
32606
33262
33915
34573
35254
35947
36651
37366
38095
38831
39561
40268
40963
41647
42319
42979
43627
44270
44909
45555
46211
46881
47560
48250
48956
49682
50423
51160
51897
52631
53374
54112
54835
55546
56235
56913
57586
58268
58964
59672
60402
61135
