1006
1808
2587
3393
4178
4940
5727
6504
7274
8063
8870
9652
10428
11230
12007
12807
13641
14439
15247
16042
16792
17588
18332
19056
19904
20686
21446
22244
23005
23715
24393
25159
25912
26645
27440
28214
28964
29777
30513
31206
31978
32723
33438
34231
nan
35741
36505
37177
37879
38557
39267
39980
40685
41342
42084
42802
43496
44193
44887
45634
46244
47020
47727
48409
49085
49790
50418
51176
51866
52562
53304
53955
54783
55590
56264
57123
57868
58631
59322
nan
