530
1334
1986
2881
3551
4438
5227
5887
6657
7447
8371
9173
9834
10628
11422
12306
13120
13822
14623
15431
16195
16968
17844
18586
19379
20175
20824
21745
22495
23193
23899
24658
25447
26075
26952
27754
28370
29160
29875
30705
31514
32248
32964
33749
34473
35264
35923
36746
37375
38074
38657
39387
40116
40884
41573
42290
42905
43726
44396
45139
45839
46519
47151
47927
48614
49283
50026
50581
51384
52082
52782
53533
54198
54947
55737
56592
57366
58022
58888
59548
