570
1378
2009
2957
3587
4481
5262
5913
6688
7476
8442
9217
9862
10654
11447
12356
13160
13849
14659
15467
16229
16992
17875
18629
19433
20199
20860
21789
22550
23283
23973
24727
25482
26100
26982
27776
28388
29190
29912
30779
31556
32304
33000
33779
34531
35295
35983
36778
37427
38117
38701
39425
40170
40917
41643
42336
42959
43755
44432
45175
45880
46581
47174
47967
48648
49324
50054
50615
51415
52115
52851
53605
54221
55004
55783
56627
57391
58042
58950
59579
