654
1465
2247
3039
3830
4602
5388
6159
6930
7725
8524
9303
10097
10893
11662
12468
13284
14081
14894
15689
16451
17218
17994
18725
19540
20324
21102
21889
22651
23354
24055
24814
25566
26320
27105
27883
28632
29391
30147
30864
31633
32392
33117
33879
34630
35413
36116
36831
37528
38215
38937
39633
40337
41011
41747
42458
43143
43859
44567
45266
45970
46688
47382
48052
48756
49444
50143
50829
51506
52218
52936
53685
54449
55234
55995
56744
57518
58277
59046
59827
