683
1492
2275
3068
3857
4629
5415
6185
6959
7753
8551
9333
10126
10920
11692
12497
13312
14111
14924
15716
16479
17250
18019
18756
19569
20354
21132
21916
22679
23380
24084
24841
25592
26354
27136
27907
28665
29421
30175
30895
31662
32419
33143
33908
34659
35440
36146
36859
37558
38244
38956
39663
40365
41039
41765
42476
43174
43876
44584
45296
46000
46705
47399
48082
48773
49472
50172
50858
51535
52236
52966
53716
54476
55261
56024
56774
57536
58306
59077
59856
