563
1322
2117
2827
3493
4361
5069
5830
6572
7259
8040
8740
9479
10196
10908
11633
12369
13084
13792
14508
15256
15887
16482
17209
17999
18701
19425
20113
20853
21593
22332
23076
23731
24515
25115
25907
26596
27309
27903
28754
29468
30157
30950
31556
32188
32904
33386
34106
34699
35339
35996
36675
37343
37986
38700
39357
40028
40567
41395
41933
42745
43500
44124
44769
45458
46121
46790
47429
48055
48806
49484
50131
50831
51455
52191
52760
53525
54234
54921
55619
56350
57035
57723
58430
59136
59835
60543
