524	544	563	812	808	819	855	921	980	998	1049	516	531	553	487	497
1285	1307	1322	1517	1513	1524	1590	1553	1743	1766	1819	508	503	523	468	527
2066	2087	2117	2218	2214	2225	2284	2262	2453	2478	2526	518	534	555	505	518
2791	2810	2827	2943	2937	2950	2997	3021	3201	3212	3247	516	528	557	493	515
3464	3482	3493	3688	3682	3696	3765	3740	3942	3957	3990	508	524	555	493	513
4279	4325	4361	4444	4440	4451	4488	4482	4689	4704	4760	520	537	559	503	519
5027	5044	5069	5176	5171	5183	5224	5217	5423	5438	5467	513	527	551	498	513
5783	5805	5830	5930	5925	5937	5974	6003	6144	6156	6173	523	546	576	510	517
6549	6558	6572	6675	6672	6682	6743	6720	6920	6934	6942	519	539	560	499	512
7228	7250	7259	7386	7382	7395	7444	7429	7617	7644	7695	517	531	560	506	524
7970	7988	8040	8120	8114	8128	8174	8203	8329	8346	8360	525	531	566	502	513
8708	8726	8740	8859	8853	8867	8901	8913	9111	9122	9156	513	524	557	492	510
9428	9450	9479	9579	9575	9588	9643	9633	9754	9822	9829	516	523	551	497	514
10164	10178	10196	10291	10285	10298	10355	10333	10498	10515	10540	520	536	568	512	530
10865	10888	10908	11008	11003	11016	11065	11056	11190	11206	11219	529	535	568	506	519
11593	11613	11633	11721	11734	11747	11788	11800	11953	11979	12029	515	492	557	492	506
12306	12339	12369	12471	12467	12479	12534	12517	12723	12736	12784	511	527	553	493	515
13025	13049	13084	13178	13174	13186	13247	13229	13336	13354	13364	516	527	556	502	516
13740	13762	13792	13894	13889	13902	13933	13948	14125	14146	14151	518	522	556	498	514
14458	14488	14508	14593	14604	14618	14656	14643	14679	14705	14728	531	516	580	515	525
15217	15237	15256	15315	15311	15323	15364	15355	15555	15583	15614	511	521	551	490	520
15862	15879	15887	16015	16009	16022	16065	16056	16093	16113	16127	563	568	601	532	540
16452	16458	16482	16702	16711	16728	16776	16760	16799	16824	16849	506	491	553	490	506
17176	17187	17209	17414	17410	17422	17457	17470	17612	17668	17714	520	534	563	491	512
17954	17983	17999	18101	18097	18109	18144	18172	18294	18315	18334	524	538	568	509	516
18650	18674	18701	18799	18793	18806	18846	18886	19036	19059	19101	519	519	554	494	503
19345	19384	19425	19513	19509	19521	19559	19570	19745	19760	19784	510	519	548	481	504
20077	20094	20113	20221	20216	20229	20280	20269	20449	20478	20492	519	529	563	499	514
20804	20835	20853	20935	20946	20960	20997	20991	21180	21207	21220	515	500	568	503	519
21545	21566	21593	21695	21692	21703	21763	21747	21788	21807	21830	529	542	569	509	519
22268	22307	22332	22434	22429	22443	22479	22497	22561	22577	22585	517	523	561	496	506
23038	23060	23076	23187	23182	23199	23371	23250	23435	23449	23480	506	497	558	490	591
23695	23714	23731	23919	23914	23926	23963	23959	24076	24092	24107	531	533	554	504	525
24487	24498	24515	24586	24568	24610	24685	24616	24855	24870	24919	520	488	553	544	526
25068	25098	25115	25313	25309	25320	25364	25351	25513	25532	25545	501	519	546	479	489
25859	25884	25907	26007	26004	26015	26054	26047	26227	26250	26320	503	525	548	495	517
26546	26573	26596	26694	26690	26702	26750	26780	26929	26947	26952	527	536	567	512	521
27248	27270	27309	27379	27390	27404	27438	27450	27615	27636	27648	521	502	571	504	519
27876	27888	27903	28123	28117	28131	28167	28198	28322	28358	28383	515	522	558	489	503
28688	28723	28754	28852	28848	28860	28895	28912	29095	29114	29163	520	530	558	499	520
29440	29458	29468	29592	29586	29600	29644	29632	29841	29855	29866	521	540	575	512	552
30126	30141	30157	30349	30348	30354	30374	30441	30591	30617	30629	569	556	573	470	545
30862	30887	30950	31000	30975	31013	31021	31092	31229	31247	31255	501	440	495	440	542
31526	31539	31556	31667	31666	31677	31710	31701	31751	31773	31802	536	569	583	553	567
32166	32178	32188	32294	32292	32302	32347	32332	32389	32404	32423	510	530	549	496	501
32816	32848	32904	32925	32921	32931	32975	33061	33180	33202	33218	629	600	617	415	474
33352	33368	33386	33552	33550	33560	33631	33587	33636	33663	33689	506	484	504	459	523
34075	34100	34106	34172	34169	34181	34215	34229	34400	34413	34429	484	532	555	521	569
34654	34672	34699	34783	34796	34808	34852	34842	34990	35014	35123	575	545	610	549	562
35302	35320	35339	35448	35445	35454	35495	35505	35510	35541	35561	523	535	557	493	507
35937	35979	35996	36092	36088	36099	36152	36130	36320	36349	36363	476	507	528	480	494
36616	36644	36675	36761	36757	36769	36825	36810	36926	36940	36955	508	528	553	495	511
37301	37319	37343	37442	37440	37450	37500	37484	37700	37706	37729	515	536	559	498	511
37954	37981	37986	38113	38109	38121	38167	38155	38357	38373	38432	513	532	554	496	518
38638	38679	38700	38782	38779	38789	38827	38824	39035	39055	39085	519	535	556	500	520
39320	39341	39357	39462	39457	39470	39517	39508	39709	39726	39730	532	551	578	525	547
39974	39999	40028	40123	40119	40133	40174	40227	40234	40257	40276	538	533	554	507	515
40535	40558	40567	40803	40799	40811	40865	40843	40962	40979	41003	516	526	552	499	509
41364	41378	41395	41470	41483	41495	41532	41548	41751	41768	41784	511	492	552	481	509
41905	41917	41933	42178	42176	42185	42228	42224	42433	42437	42469	506	529	552	495	512
42708	42732	42745	42862	42858	42869	42913	42902	43076	43096	43116	512	536	556	503	529
43431	43466	43500	43520	43533	43546	43586	43587	43745	43751	43773	533	521	585	528	540
44064	44095	44124	44212	44210	44222	44258	44270	44456	44474	44526	527	534	558	495	512
44734	44759	44769	44889	44885	44896	44931	44970	45147	45154	45197	512	530	555	493	506
45397	45438	45458	45533	45545	45558	45595	45632	45745	45770	45779	516	497	559	494	511
46069	46106	46121	46201	46214	46226	46280	46267	46447	46471	46531	543	529	598	527	529
46715	46764	46790	46881	46877	46889	46922	46937	47089	47120	47133	522	537	565	497	512
47396	47415	47429	47545	47541	47554	47593	47585	47795	47804	47852	512	525	556	497	514
48001	48014	48055	48205	48218	48230	48274	48254	48462	48480	48521	511	492	555	489	503
48783	48798	48806	48886	48900	48910	48942	48960	49047	49068	49083	508	497	566	492	505
49439	49460	49484	49580	49576	49587	49625	49669	49749	49811	49829	515	540	565	496	517
50101	50120	50131	50255	50250	50262	50299	50291	50476	50493	50514	520	540	570	499	519
50785	50807	50831	50912	50924	50936	50977	50966	51149	51180	51224	526	509	571	500	513
51417	51422	51455	51591	51604	51615	51670	51651	51780	51787	51810	517	505	569	495	505
52150	52166	52191	52286	52282	52293	52339	52327	52492	52541	52588	514	541	567	511	543
52711	52724	52760	52946	52959	52970	53005	53000	53207	53218	53252	543	519	579	501	511
53482	53510	53525	53630	53617	53655	53700	53684	53863	53884	53898	504	487	553	484	501
54184	54216	54234	54317	54330	54341	54381	54401	54551	54573	54578	520	509	577	506	515
54861	54903	54921	55019	55015	55027	55076	55063	55224	55249	55274	526	547	572	505	515
55590	55600	55619	55698	55710	55723	55768	55756	55865	55875	55891	508	498	562	487	508
56298	56311	56350	56403	56394	56428	56477	56466	56616	56639	56716	512	497	566	491	510
56975	56990	57035	57101	57114	57126	57160	57213	57371	57382	57423	519	501	571	499	518
57698	57709	57723	57822	57818	57829	57896	57910	58059	58075	58092	517	545	570	500	517
58381	58408	58430	58511	58503	58535	58573	58599	58733	58752	58765	519	507	576	501	516
59085	59107	59136	59216	59207	59240	59285	59276	59466	59481	59495	519	507	570	496	517
59764	59816	59835	59935	59932	59942	59991	59973	60176	60185	60200	520	541	568	496	519
