544
1307
2087
2810
3482
4325
5044
5805
6558
7250
7988
8726
9450
10178
10888
11613
12339
13049
13762
14488
15237
15879
16458
17187
17983
18674
19384
20094
20835
21566
22307
23060
23714
24498
25098
25884
26573
27270
27888
28723
29458
30141
30887
31539
32178
32848
33368
34100
34672
35320
35979
36644
37319
37981
38679
39341
39999
40558
41378
41917
42732
43466
44095
44759
45438
46106
46764
47415
48014
48798
49460
50120
50807
51422
52166
52724
53510
54216
54903
55600
56311
56990
57709
58408
59107
59816
60519
