635
1465
2206
3117
3892
4534
5296
6097
6807
7604
8392
8978
9782
10559
11268
12022
12695
13436
14099
14948
15694
16416
17318
18053
18663
19488
20198
20761
21716
22393
23115
23764
24404
25275
25872
26605
27484
28223
28963
29666
30004
30411
31194
31964
32621
33390
34192
34976
35688
36332
36979
37617
38266
38951
39619
40259
40841
41464
42199
42821
43477
44122
44751
45512
46055
46759
47470
48111
48887
49554
50212
50805
51555
52072
52971
53549
54362
55044
55743
56568
57826
58364
59093
59709
60495
61169
61909
