903
1684
2476
3267
3996
4717
5464
6220
6956
7727
8508
9232
9956
10696
11401
12132
12881
13626
14362
15128
15924
16666
17423
18197
18940
19633
20323
21034
21802
22521
23215
23902
24622
25383
26149
26870
27600
28347
29066
29776
30100
30529
31321
32087
32881
33673
34406
35105
35788
36452
37091
37737
38393
39062
39722
40367
41015
41667
42313
42950
43581
44230
44906
45594
46262
46945
47638
48342
49019
49673
50333
50992
51660
52353
53071
53784
54463
55149
55847
56801
57945
58624
59278
59941
60603
61284
61991
