600
1253
1914
2585
3264
3939
4615
5293
5963
6631
7297
7956
8611
9264
9917
10562
11209
11856
12509
13154
13801
14454
15112
15740
16407
17060
17717
18371
19030
19696
20356
21017
21684
22349
23011
23676
24344
25011
25673
26335
26986
27617
28289
28935
29564
30200
30862
31503
32136
32776
33432
34078
34717
35377
36034
36664
37324
37993
38634
39294
39935
40570
41201
41819
42492
43080
43616
44282
44970
45545
46203
46805
47482
48079
48713
49325
49968
50579
51189
51862
52484
53107
53719
54381
55007
55653
56272
56923
