586
1239
1900
2571
3251
3925
4601
5278
5947
6617
7283
7939
8597
9250
9902
10546
11196
11844
12492
13138
13788
14442
15095
15703
16395
17047
17703
18358
19017
19682
20341
21005
21671
22336
22997
23663
24331
24997
25660
26322
26972
27579
28275
28922
29527
30161
30850
31488
32123
32764
33418
34065
34704
35363
36020
36652
37311
37979
38621
39281
39922
40558
41188
41807
42480
43067
43560
44270
44957
45532
46191
46792
47469
48067
48700
49312
49956
50566
51176
51850
52472
53094
53707
54369
54995
55641
56260
56911
