715
1283
2078
2769
3475
4144
4785
5442
6134
6840
7507
8191
8903
9650
10368
11072
11829
12571
13286
13943
14605
15276
15937
16576
17193
17755
18289
18839
19425
20239
20916
21538
22130
22676
23209
23748
24306
24879
25473
26068
26632
27194
27785
28364
28931
29512
30102
30707
31321
31916
32574
33192
33785
34371
34948
35510
36050
36588
37138
37683
38220
38750
39267
39789
40310
40843
41393
41943
42487
43034
43568
44097
44619
45135
45648
46163
46694
47235
47783
48339
48884
49422
49971
50552
51203
51911
52527
53100
53676
54253
54815
55355
55882
56401
56924
57463
58005
58550
59078
59595
60110
60632
61187
61807
