449
444
455
450
444
456
449
448
449
451
455
439
443
452
453
449
448
447
440
464
449
451
450
438
451
438
490
446
440
453
458
447
456
457
459
454
455
454
453
449
464
447
456
458
468
441
449
460
454
457
457
473
502
471
453
460
463
454
456
467
468
465
464
468
463
464
467
468
460
473
452
478
457
476
453
454
454
455
458
448
472
476
466
457
452
457
469
470
454
455
464
463
483
468
454
460
465
458
457
474
458
454
460
459
