746
1321
2115
2803
3514
4185
4829
5480
6168
6879
7544
8224
8940
9688
10405
11109
11865
12608
13322
13987
14646
15316
15972
16620
17231
17809
18340
18878
19462
20277
20953
21575
22164
22721
23246
23784
24342
24918
25513
26104
26673
27229
27818
28404
28966
29554
30141
30744
31362
31956
32606
33229
33830
34405
34982
35547
36099
36620
37172
37737
38262
38781
39320
39825
40348
40898
41429
41980
42520
43081
43603
44126
44673
45176
45684
46216
46725
47267
47827
48384
48936
49464
50015
50608
51236
51954
52568
53143
53707
54299
54871
55393
55914
56451
56953
57489
58040
58588
59124
59627
60150
60671
61222
61840
