575
1161
1799
2308
3047
3590
4306
5149
5856
6569
7071
7920
8599
nan
10558
11415
nan
nan
15175
nan
16994
nan
nan
nan
19880
20543
21355
22074
22794
23417
24039
24861
nan
26220
26998
27698
28379
28978
29823
30455
31307
32044
32730
33277
nan
34567
35009
nan
36271
36745
37308
nan
38470
nan
39470
40028
40623
nan
41751
42331
42812
43349
44108
44681
45257
45849
46511
46851
47793
48451
nan
49667
50303
50937
51603
52381
52988
53614
54240
54884
nan
56073
56723
57384
58192
58830
59503
60066
