833
1652
2458
3230
3829
4768
5579
6342
7084
7860
8415
9403
10024
10950
11731
12511
13311
14096
14878
15676
16463
17271
18070
18894
19730
20386
21435
22295
23022
23974
24769
25455
26328
27112
27902
28680
29512
30386
31093
31865
33147
33394
34105
34930
35569
36367
37166
37887
38801
39401
40330
41125
41807
42704
43301
44145
45020
45802
46562
47323
48100
48860
49444
50386
51187
51981
52780
53582
54300
55194
55976
56720
57460
58370
59026
59975
