801	833	859	910	898	934	1068	986	1207	1227	1251	516	486	703	465	509
1628	1652	1677	1733	1720	1756	1908	1808	2001	2047	2098	517	484	706	467	514
2416	2458	2481	2528	2516	2552	2670	2603	2830	2839	2847	517	484	702	464	512
3210	3230	3241	3318	3306	3341	3412	3390	3555	3581	3593	516	481	736	460	515
3820	3829	3841	4069	4054	4093	4190	4137	4349	4370	4386	521	485	734	461	515
4725	4768	4783	4834	4821	4859	4930	4907	5140	5168	5195	516	482	732	461	516
5527	5579	5605	5650	5638	5674	5733	5721	5945	5963	6017	520	485	706	470	513
6312	6342	6364	6418	6406	6443	6573	6492	6716	6743	6763	517	484	712	467	513
7060	7084	7094	7167	7155	7192	7344	7237	7452	7477	7500	518	484	701	464	513
7826	7860	7881	7932	7920	7957	8076	8009	8221	8245	8257	517	487	701	467	513
8404	8415	8436	8705	8693	8729	8873	8780	9000	9019	9042	515	485	692	466	512
9363	9403	9424	9476	9464	9501	9659	9555	9759	9796	9826	517	488	692	470	511
10005	10024	10124	10250	10238	10275	10413	10322	10548	10567	10600	516	483	690	468	512
10916	10950	10977	11027	11014	11051	11195	11106	11312	11337	11362	517	485	694	467	516
11701	11731	11757	11808	11796	11832	11954	11878	12101	12116	12124	517	486	690	468	512
12479	12511	12535	12589	12577	12614	12781	12666	12879	12902	12936	515	487	690	468	516
13267	13311	13328	13377	13366	13402	13475	13454	13655	13687	13717	518	489	695	471	513
14065	14096	14127	14170	14158	14194	14300	14245	14473	14486	14547	514	482	696	466	513
14850	14878	14899	14949	14936	14973	15158	15023	15228	15256	15291	517	486	701	467	513
15662	15676	15712	15743	15731	15767	15909	15818	15980	16055	16081	515	485	700	467	514
16433	16463	16486	16539	16526	16563	16697	16612	16827	16847	16884	514	481	692	466	512
17231	17271	17295	17345	17333	17369	17511	17424	17604	17634	17643	520	491	704	461	519
18019	18070	18101	18141	18129	18165	18244	18214	18425	18443	18476	517	488	714	472	516
18857	18894	18912	18965	18953	18990	19169	19036	19259	19271	19309	519	484	704	463	515
19696	19730	19749	19802	19790	19826	19991	19876	20019	20106	20134	517	485	694	466	513
20379	20386	20397	20650	20639	20675	20827	20723	20938	20959	21005	515	487	695	467	516
21384	21435	21458	21505	21492	21529	21632	21577	21797	21813	21862	516	483	695	467	512
22257	22295	22318	22368	22355	22392	22528	22441	22635	22678	22724	517	486	696	467	514
23008	23022	23101	23213	23201	23237	23381	23286	23457	23518	23557	515	486	697	468	513
23961	23974	23989	24041	24029	24066	24143	24109	24317	24344	24353	527	495	713	482	523
24721	24769	24787	24840	24829	24864	24931	24912	25123	25139	25162	517	485	691	468	514
25442	25455	25477	25627	25615	25652	25776	25700	25921	25929	25982	511	481	691	473	512
26286	26328	26399	26398	26386	26423	26591	26477	26695	26708	26741	520	479	671	444	537
27064	27112	27140	27181	27169	27206	27328	27260	27441	27485	27505	513	482	695	467	515
27874	27902	27920	27967	27956	27991	28092	28043	28254	28267	28304	515	489	713	471	515
28661	28680	28703	28750	28738	28774	28831	28822	28835	29038	29082	518	486	716	467	513
29500	29512	29536	29581	29569	29606	29770	29655	29877	29890	29926	520	482	719	456	519
30340	30386	30402	30452	30441	30477	30613	30524	30737	30763	30796	517	483	712	463	514
31082	31093	31116	31336	31323	31361	31426	31411	31479	31491	31502	533	455	666	458	495
31845	31865	31899	32149	32138	32173	32220	32239	32358	32384	32442	530	492	676	464	648
33078	33147	33331	nan	33177	33267	33388	33337	33353	33397	33441	831	308	442	222	436
33347	33394	33441	33519	33641	33674	33926	33714	33825	33934	34018	439	452	589	460	715
34096	34105	34137	34382	34370	34407	34470	34450	34476	34509	34517	570	496	617	454	494
34919	34930	34993	35111	35096	35135	35289	35190	35354	35377	35396	579	464	663	461	535
35558	35569	35598	35849	35836	35874	36025	35924	36034	36053	36061	515	494	633	454	514
36353	36367	36378	36611	36598	36636	36706	36692	36994	37009	37037	528	481	655	474	511
37158	37166	37174	37371	37357	37397	37526	37448	37657	37675	37699	520	486	640	463	518
37875	37887	37895	38122	38110	38147	38204	38195	38413	38423	38454	522	494	667	467	528
38755	38801	38815	38863	38852	38889	38944	38935	39153	39168	39175	518	483	686	468	519
39374	39401	39416	39621	39607	39646	39707	39695	39916	39925	39937	520	492	668	463	515
40317	40330	40358	40403	40389	40428	40503	40477	40775	40785	40795	520	484	666	469	515
41114	41125	41139	41196	41185	41222	41285	41273	41537	41557	41574	521	485	657	471	512
41796	41807	41815	41994	41983	42020	42065	42075	42338	42351	42358	517	488	651	471	513
42693	42704	42716	42778	42767	42803	42865	42855	43054	43063	43072	518	488	665	468	519
43295	43301	43314	43546	43532	43570	43646	43616	43895	43900	43914	517	488	659	469	511
44137	44145	44154	44315	44305	44340	44385	44395	44670	44676	44693	518	497	657	473	511
45012	45020	45033	45086	45075	45110	45163	45174	45373	45396	45413	521	490	651	476	512
45790	45802	45814	45869	45858	45893	45942	45952	46174	46193	46212	519	487	651	478	513
46550	46562	46575	46634	46623	46659	46722	46711	46954	46976	46993	517	491	641	471	510
47312	47323	47334	47396	47386	47422	47441	47489	47712	47721	47731	518	509	644	477	512
48051	48100	48113	48168	48156	48191	48255	48240	48364	48460	48473	540	491	664	468	508
48812	48860	48873	48924	48913	48948	49022	49004	49214	49235	49251	518	488	663	475	516
49432	49444	49455	49697	49684	49722	49783	49769	49992	50002	50010	518	491	659	473	513
50371	50386	50428	50467	50456	50493	50564	50550	50813	50830	50848	518	488	650	470	515
51171	51187	51206	51258	51245	51284	51401	51335	51557	51563	51578	515	485	643	473	512
51956	51981	52014	52057	52043	52081	52144	52130	52339	52361	52374	522	485	655	466	526
52768	52780	52794	52849	52838	52873	52944	52929	53128	53145	53152	521	486	666	473	508
53569	53582	53594	53649	53637	53674	53740	53729	53950	53960	53973	514	492	662	469	513
54290	54300	54311	54458	54445	54483	54499	54530	54754	54776	54790	518	493	649	470	510
55169	55194	55209	55262	55251	55287	55361	55331	55551	55560	55573	518	489	657	478	517
55951	55976	55991	56047	56035	56071	56139	56128	56301	56325	56333	519	491	668	475	515
56710	56720	56731	56840	56827	56866	56940	56911	57132	57156	57185	516	490	662	469	508
57450	57460	57470	57640	57628	57665	57721	57711	57954	57963	57973	517	494	654	472	516
58350	58370	58394	58442	58428	58466	58517	58530	58728	58741	58752	516	489	651	472	514
59016	59026	59048	59246	59235	59270	59340	59329	59546	59566	59606	516	486	657	472	514
