986
1808
2603
3390
4137
4907
5721
6492
7237
8009
8780
9555
10322
11106
11878
12666
13454
14245
15023
15818
16612
17424
18214
19036
19876
20723
21577
22441
23286
24109
24912
25700
26477
27260
28043
28822
29655
30524
31411
32239
33337
33714
34450
35190
35924
36692
37448
38195
38935
39695
40477
41273
42075
42855
43616
44395
45174
45952
46711
47489
48240
49004
49769
50550
51335
52130
52929
53729
54530
55331
56128
56911
57711
58530
59329
60128
