1037
1903
2774
3604
4442
5272
6093
6877
7695
8514
9287
10108
10902
11664
12464
13266
14046
14858
15707
16511
17215
17929
18625
19343
20214
21151
22168
23116
24095
25082
25992
26806
27634
28464
29289
30138
30907
31673
32423
33189
33917
34585
35238
35848
36462
37068
37680
38286
38882
39489
40104
40734
41344
41949
42557
43172
43790
44408
45040
45707
46401
47092
47805
48565
49309
50040
50753
51478
52148
52822
53514
54265
55019
55758
56510
57278
58016
58753
59482
60197
60891
