1058
1925
2796
3625
4464
5294
6115
6899
7717
8536
9309
10130
10925
11686
12486
13288
14068
14880
15729
16533
17237
17952
18647
19365
20236
21173
22191
23138
24117
25104
26014
26828
27656
28486
29310
30161
30930
31697
32453
33211
33940
34608
35261
35871
36485
37092
37703
38309
38906
39512
40128
40758
41368
41973
42581
43196
43813
44431
45064
45730
46424
47116
47829
48588
49332
50064
50776
51502
52171
52846
53538
54289
55043
55781
56534
57301
58040
58777
59506
60221
60915
