1016
1883
2754
3584
4421
5251
6073
6856
7674
8494
9266
10088
10882
11643
12444
13245
14026
14838
15687
16491
17195
17909
18605
19323
20194
21131
22148
23096
24075
25062
25972
26786
27614
28444
29269
30118
30888
31652
32406
33168
33896
34565
35218
35827
36441
37048
37659
38266
38862
39468
40084
40714
41324
41928
42537
43151
43769
44387
45020
45686
46381
47072
47785
48545
49289
50020
50732
51458
52127
52801
53493
54245
54999
55737
56489
57257
57996
58732
59462
60177
60870
