1345
2210
3081
3911
4747
5578
6402
7186
8004
8821
9593
10416
11211
11969
12769
13573
14353
15163
16010
16817
17521
18234
18934
19648
20521
21458
22476
23425
24402
25390
26299
27113
27942
28771
29597
30445
31222
31983
32726
33506
34222
34888
35543
36153
36763
37368
37982
38586
39183
39788
40403
41034
41643
42247
42855
43470
44090
44707
45339
46008
46703
47396
48109
48870
49612
50345
51055
51783
52450
53123
53817
54569
55321
56060
56812
57582
58319
59054
59785
60499
nan
