937
1674
2412
3134
3826
4556
5267
5967
6664
7339
8039
8728
9414
10092
10720
11404
12058
12715
13374
14041
14722
15393
16083
16780
17488
18198
18906
19589
20313
21020
21722
22394
23109
23812
24508
25186
25895
26590
27283
27947
28649
29345
30014
30743
31447
32127
32803
33472
34151
34823
35500
36184
36827
37550
38255
38952
39647
40318
41020
41693
42369
43025
43713
44398
45048
45695
46356
47112
47814
48527
49236
49947
50631
51364
52073
52777
53452
54174
54871
55570
56240
56956
57647
58336
59000
59685
60358
61032
