724
1451
2147
2881
3619
4342
5041
5770
6532
7250
7968
8704
9437
10136
10860
11589
12307
12998
13711
14437
15128
15812
16532
17249
17943
18662
19409
20121
20856
21593
22316
23055
23816
24546
25266
25998
26732
27437
28133
28840
29556
30261
30936
31593
32267
32936
33597
34254
34912
35565
36202
36844
37482
38114
38748
39381
40014
40640
41276
41904
42532
43179
43824
44471
45104
45726
46355
46985
47611
48241
48870
49508
50141
50785
51430
52076
52730
53386
54050
54717
55398
56066
56738
57411
58078
58730
59379
60029
