1006
1766
2467
3207
3946
4645
5322
6082
6846
7557
8297
9016
9705
10467
11141
11911
12587
13257
13990
14750
15438
16114
16839
17576
18249
18996
19718
20433
21172
21862
22624
23381
24138
24871
25585
26303
27044
27757
28447
29169
29858
30565
31200
31920
32587
33081
33861
34517
35163
35839
36482
37145
37744
38382
39025
39687
40326
40945
41547
42161
42804
43445
44141
44771
45380
45961
46647
47263
47928
48522
49142
49759
50443
51063
51701
52343
53005
53700
54321
55038
55704
56326
57025
57701
58324
58999
59700
60344
