922
1762
2594
3400
4199
5021
5843
6509
7476
8301
9136
9959
10817
11639
12456
13280
13959
14956
15757
16562
17381
18196
18974
19758
20569
21356
22139
22954
23765
24555
25337
26139
26956
27754
28550
29367
30173
30977
31717
32497
33169
33979
34828
35432
36360
36986
37901
38602
39366
40120
40884
41501
42283
43038
43951
44573
45474
46228
46963
47718
48453
49205
49821
50778
51362
52200
53099
53891
54687
55452
56249
56864
57777
58375
59293
60032
60799
