1153
1953
2791
3628
4391
5269
6048
6870
7690
8547
9348
10169
10987
11828
12669
13487
14310
15168
15950
16766
17570
18387
19188
19969
20806
21544
22368
23167
23982
24762
25544
26365
27168
27948
28745
29569
30359
31171
31937
32684
33505
34261
35043
35817
36569
37330
38085
38792
39557
40346
41076
41888
42601
43392
44143
44907
45672
46436
47192
47934
48659
49442
50183
50965
51749
52503
53298
54089
54897
55670
56478
57241
57990
58739
59516
60259
nan
