997
1837
2712
3475
4274
5095
5913
6724
7548
8381
9218
10038
10871
11711
12538
13354
14203
15032
15839
16643
17457
18267
19047
19837
20634
21474
22215
23027
23832
24625
25411
26223
27031
27830
28621
29433
30252
31051
31801
32581
33356
34118
34894
35654
36409
37162
37919
38679
39435
40198
40964
41733
42495
43253
44011
44778
45538
46293
47041
47789
48530
49282
50048
50817
51591
52383
53178
53968
54746
55530
56314
57082
57841
58597
59359
60112
60863
