1251
2076
2900
3703
4533
5351
6162
6973
7778
8614
9538
10296
11112
11933
12776
13674
14436
15277
16158
16874
17702
18531
19280
20156
20896
21692
22533
23283
24075
24880
25672
26474
27356
28088
28837
29677
30572
31368
32060
32828
33595
34376
35149
35913
36662
37424
38176
38943
39698
40459
41226
41995
42755
43514
44234
45040
45796
46552
47236
48016
48787
49517
50309
51076
51846
52643
53435
54227
55011
55746
56571
57340
58096
58860
59616
60370
nan
