802
1520
2181
2882
3542
4222
4905
5583
6282
7023
nan
8362
nan
9662
nan
10924
11544
12146
12746
13387
14107
14868
15668
16468
17267
18068
18828
nan
20329
21109
21910
22711
23450
24150
24871
25611
26351
27111
27871
28652
29412
30212
31012
31812
32571
33372
34172
35032
35811
36671
37512
38311
39092
39871
40671
41470
42311
43130
43931
44710
45511
46292
47072
47768
48470
49190
49910
50650
51411
52191
52991
53851
54690
55530
56331
57110
57890
58691
59450
60209
61030
61870
62690
63450
64271
65071
65890
66710
67510
68370
69210
70070
70890
71709
72570
73429
74290
75110
75949
76769
77590
78411
79190
79991
80830
81710
82491
83250
83971
84710
85512
86410
87291
88132
88951
89690
90430
91111
91851
92610
93471
nan
