241
941
1663
2483
3021
3641
4362
5043
5702
6443
7101
7783
8442
9082
9823
10580
11145
11665
12166
12806
13526
14267
15087
15887
16667
17448
18228
18969
19749
20510
21309
22110
22850
23590
24291
25031
25751
26551
27271
28051
28831
29611
30412
31212
31992
32751
33571
34451
35231
36091
36891
37711
38511
39292
40071
40891
41891
42531
43331
44110
44911
45692
46451
47211
47928
48610
49350
50071
50850
51610
52390
53230
54110
54950
55730
56510
57289
58090
58850
59630
60449
61270
62090
62870
63670
64490
65290
66111
66930
67771
68670
69470
70289
71130
71970
72829
73710
74510
75350
76170
76990
77810
78631
79410
80270
81091
81891
82650
83370
84130
84931
85830
86690
87549
88331
89090
89850
90551
91290
92011
92856
93711
