401
383
372
384
393
389
400
398
388
386
387
398
396
391
393
392
393
393
403
386
388
390
387
393
387
398
387
388
384
384
387
389
385
397
396
384
392
391
395
387
394
387
388
399
386
395
386
391
387
385
396
393
382
391
399
385
399
392
393
401
391
392
403
389
386
393
392
395
392
386
394
397
392
391
387
398
395
388
391
389
388
392
390
393
388
389
390
394
383
391
388
399
391
395
389
387
394
388
398
396
399
387
391
386
390
400
391
394
388
384
387
389
391
383
389
399
392
395
390
399
391
405
