634
1428
2190
2846
3554
4314
4997
5736
6373
7121
7730
8425
9179
9892
10580
11295
11953
12650
13276
13960
14637
15289
15976
16681
17276
18036
18640
19373
20054
20681
21302
22068
22765
23484
24205
24883
25505
26250
26883
27539
28213
28858
29627
30300
30907
31782
32435
33009
33670
34232
34811
35386
35946
36523
37101
37664
38275
38820
39421
39948
40503
41050
41608
42146
42723
43240
43786
44364
45030
45730
46269
47072
47770
48485
49032
49829
50531
51205
51810
52581
53115
53829
54588
55171
55935
56574
57259
58011
58660
59274
nan
60617
