796
1526
2252
2952
3662
4375
5107
5813
6498
7198
7906
8605
9288
9988
10689
11386
12037
12702
13372
14054
14721
15392
16084
16790
17481
18144
18816
19481
20124
20783
21470
22177
22899
23595
24303
24994
25684
26345
26993
27644
28325
29026
29709
30413
31141
31848
32524
33145
33751
34341
34920
35490
36057
36630
37204
37787
38359
38930
39496
40058
40608
41160
41704
42249
42787
43332
43884
44467
45133
45827
46496
47175
47873
48579
49256
49924
50603
51282
51935
52603
53283
53977
54654
55348
56037
56735
57433
58113
58768
59414
60056
60693
