870
1577
2300
3008
3715
4421
5151
5881
6550
7246
7947
8665
9333
10033
10740
11432
12092
12753
13421
14099
14775
15437
16127
16835
17537
18189
18857
19545
20177
20920
21521
22220
22940
23644
24343
25036
25735
26401
27044
27700
28367
29076
29763
30457
31188
31902
32562
33183
33847
34403
34966
35530
36106
36680
37271
37827
38407
38968
39547
40102
40652
41207
41767
42308
42806
43388
43929
44508
45184
45872
46550
47215
47914
48629
49312
49971
50688
51349
51988
52644
53345
54273
54731
55413
56091
56787
57732
58159
58931
59466
60128
nan
