1029
1755
2477
3179
3893
4609
5336
6040
6725
7427
8138
8832
9518
10218
10920
11612
12262
12931
13604
14277
14950
15624
16313
17021
17702
18373
19049
19709
20349
21021
21694
22405
23130
23826
24534
25222
25909
26571
27224
27872
28550
29250
29941
30641
31372
32066
32796
33254
33982
34562
35148
35707
36282
36859
37431
38019
38586
39156
39722
40274
40835
41383
41923
42473
43004
43554
44109
44695
45359
46049
46720
47403
48103
48805
49485
50157
50830
51509
52166
52833
53514
54066
54885
55579
56266
56964
57515
58342
58981
59523
60278
nan
