953
1842
2725
3585
4404
5194
5969
6751
7567
8369
9240
10121
10972
11796
12622
13479
14311
15115
15958
16807
17578
18294
18969
19654
20362
21171
22085
23002
23894
24778
25628
26463
27306
28150
28957
29721
30498
31246
32011
32845
33639
34393
35126
35846
36546
37243
37937
38625
39304
39975
40624
41260
41882
42497
43112
43745
44429
45188
46013
46848
47656
48470
49281
49684
50082
50831
51579
52327
53097
53896
54679
55467
56252
57029
57780
58531
59296
60079
