1009
1856
2716
3560
4427
5320
6236
7132
8046
8969
9910
10858
11796
12731
13657
14581
15494
16379
17279
18179
19067
19934
20812
21694
22547
23398
24255
25124
25933
26745
27574
28435
29285
30070
30773
31337
32230
32962
33763
34535
35297
36080
36883
37685
38479
39268
40056
40828
41575
42296
43013
43743
44471
45201
45920
46628
47348
48084
48820
49535
50257
50986
51714
52412
53117
53836
54575
55305
56043
56800
57564
58308
59021
59751
60488
61213
