1282
2169
3033
3879
4740
5637
6556
7451
8374
9290
10230
11177
12122
13062
13975
14914
15822
16704
17602
18498
19382
20252
21133
22016
22866
23729
24576
25450
26250
27067
27892
28747
29604
30385
31082
31535
32537
33293
34077
34838
35613
36380
37193
38005
38789
39541
40322
41137
41880
42610
43320
44065
44786
45509
46232
46930
47655
48397
49143
49849
50553
51296
52043
52726
53410
54143
54871
55613
56349
57105
57866
58621
59323
60048
60786
nan
