1231
2065
2903
3778
4609
5518
6435
7329
8261
9174
10147
11077
12007
12919
13863
14789
15678
16595
17521
18350
19275
20132
21028
21917
22763
23611
24465
25358
26147
26955
27788
28610
29506
30302
30996
31494
32462
33185
33974
34787
35509
36283
37123
37901
38701
39516
40290
41057
41733
42454
43269
43988
44707
45453
46095
46813
47562
48305
48897
49731
50444
51236
51966
52596
53299
54038
54789
55551
56240
57037
57787
58522
59179
59941
60686
nan
