371	376	410	702	663	749	837	794	1011	1095	1164	524	510	721	439	556
1633	1679	1718	1755	1680	1795	1875	1807	2054	2136	2193	519	500	702	576	562
2493	2518	2560	2676	2776	2841	2933	2886	3262	3289	3352	527	489	727	453	531
3466	3488	3549	3854	3819	3882	3969	3896	4159	4221	4254	525	481	689	551	557
4718	4761	4797	4877	4824	4934	5077	4946	5202	5271	5395	510	483	698	571	557
5842	5879	5960	5975	5896	6006	6113	6065	6240	6350	6366	529	501	722	430	547
6663	6702	6722	7032	6998	7060	7207	7104	7337	7390	7451	519	492	721	426	545
7924	7973	8007	8061	7976	8090	8264	8144	8362	8434	8574	528	506	726	406	559
9018	9040	9075	9079	9046	9125	9208	9138	9403	9481	9587	521	500	718	588	556
9829	9860	9887	10117	10070	10175	10231	10293	10297	10331	10364	511	492	715	381	412
10816	10838	10868	11181	11166	11210	11233	11265	11497	11547	11615	543	524	739	449	571
11836	11862	11944	12105	12193	12259	12394	12271	12531	12585	12630	527	478	699	568	553
13044	13072	13085	13193	13273	13339	13423	13351	13605	13667	13733	505	491	701	573	552
14174	14183	14204	14393	14351	14439	14594	14492	14709	14763	14811	515	496	725	429	545
15147	15173	15222	15373	15463	15533	15618	15579	15790	15861	15943	526	484	708	408	560
16446	16485	16565	16572	16504	16614	16767	16627	16896	16960	16977	521	494	691	569	524
17451	17491	17545	17674	17649	17703	17792	17716	17945	18035	18092	515	488	682	556	554
18624	18667	18738	18749	18675	18789	18808	18835	19057	19127	19185	536	511	716	414	535
19671	19723	19740	19612	19725	19835	19971	19882	20069	20185	20255	499	476	730	439	551
20468	20563	20579	20831	20819	20879	20968	20891	21132	21226	21328	518	506	706	582	542
21786	21825	21866	21914	21880	21942	22029	21954	22157	22337	22383	527	512	682	569	531
22861	22887	22938	22968	22898	23015	23143	23058	23182	23348	23455	550	444	687	401	588
23668	23679	23743	24002	23946	24068	24264	24113	24390	24422	24483	550	496	705	412	558
24727	24764	24791	25101	25077	25128	25220	25140	25397	25465	25548	521	500	696	563	551
26033	26073	26117	26165	26136	26197	26309	26211	26461	26538	26605	516	494	700	553	539
26987	27007	27038	27155	27183	27253	27274	27298	27509	27605	27629	536	507	727	436	543
27889	27904	27961	28090	28244	28299	28387	28350	28567	28634	28692	513	476	711	421	548
29109	29136	29176	29261	29281	29349	29452	29392	29688	29712	29731	508	490	714	421	542
30235	30278	30295	30355	30322	30394	30516	30440	30599	30635	30669	526	502	713	425	500
31079	31110	31129	31388	31338	31438	31553	31451	31806	31823	31880	555	493	679	551	649
31803	31830	31880	32036	32008	32076	32180	32209	32426	32447	32492	651	549	694	336	718
32037	32071	32153	32209	32395	32449	32544	32493	32680	32786	32909	674	336	726	387	595
33204	33272	33325	33333	33282	33396	33462	33482	33728	33759	33827	595	527	913	361	536
33892	33933	33947	34149	34260	34306	34411	34360	34560	34658	34717	515	493	828	410	585
34843	34860	34949	35162	35139	35224	35321	35269	35434	35579	35630	540	464	779	403	565
35879	35931	35972	35983	36086	36130	36245	36181	36387	36472	36523	530	508	854	412	561
36599	36617	36636	36845	36941	37029	37135	37076	37266	37355	37428	519	483	814	399	555
37560	37570	37688	37695	37873	37948	38053	37993	38221	38291	38351	511	472	800	399	574
38459	38475	38503	38667	38804	38868	38951	38914	39140	39206	39276	533	485	842	410	559
39538	39567	39610	39757	39720	39785	39934	39845	40049	40131	40213	509	494	819	405	563
40394	40423	40435	40681	40645	40709	40823	40753	40985	41049	41067	500	491	803	396	576
41456	41488	41538	41600	41561	41643	41762	41699	41878	41984	42087	518	493	800	409	551
42467	42480	42523	42539	42491	42585	42687	42632	42878	42927	43028	512	486	801	399	569
43205	43238	43260	43348	43469	43520	43596	43564	43738	43854	43941	521	497	807	407	549
44217	44238	44296	44442	44422	44471	44609	44521	44739	44800	44858	519	503	809	392	551
45177	45204	45253	45400	45331	45441	45578	45484	45697	45776	45825	511	372	677	323	596
46000	46027	46083	46382	46304	46414	46524	46462	46721	46744	46811	539	498	812	423	540
47000	47012	47082	47226	47339	47393	47546	47441	47726	47753	47830	519	494	794	423	542
48035	48055	48080	48232	48333	48391	48486	48436	48628	48715	48800	517	496	793	403	551
49045	49070	49131	49163	49353	49406	49547	49448	49672	49740	49862	525	493	798	405	556
50221	50246	50266	50400	50364	50429	50559	50479	50703	50765	50810	528	494	799	399	540
51052	51074	51111	51401	51384	51439	51552	51483	51693	51772	51801	519	488	784	404	552
52374	52395	52410	52210	52398	52472	52562	52536	52641	52814	52966	523	480	794	421	551
53034	53094	53107	53477	53452	53506	53657	53553	53781	53839	53859	517	495	771	400	550
54149	54165	54197	54499	54470	54538	54667	54583	54788	54879	54997	522	477	778	398	551
55195	55239	55293	55379	55477	55554	55654	55598	55807	55877	55902	513	491	771	407	538
56418	56448	56475	56299	56509	56562	56689	56608	56833	56899	56946	517	489	796	418	530
57473	57502	57531	57537	57507	57584	57714	57636	57849	57917	57998	504	492	783	414	554
58421	58475	58533	58581	58558	58621	58760	58670	58882	58957	59040	534	508	803	408	549
59486	59529	59557	59601	59576	59659	59815	59702	59924	59994	60085	526	513	806	424	555
60286	60303	60329	60564	60504	60593	60724	60642	60839	60932	60974	513	488	801	375	551
