663
1315
2015
2756
3515
4302
5082
5880
6662
7442
8221
8964
9683
10386
11100
11798
12459
13140
13819
14502
15180
15820
16480
17101
17742
18380
19002
19643
20302
21000
21682
22360
23023
23741
24501
25263
26001
26743
27524
28285
29003
29723
30502
31363
32263
33122
33843
34545
35284
36043
36865
37727
38626
39506
40383
41241
42083
42845
43605
44363
45142
45925
46744
47546
48362
49144
49905
50686
51459
52243
53004
53784
54566
55325
56007
56706
57404
58125
