476
1472
2443
3287
4171
5130
6037
6862
7760
8736
9611
10467
11374
12278
13127
14049
15064
15964
16894
17798
18632
19504
20442
21251
22065
22876
23659
24420
25269
26206
27102
27938
28824
29741
30559
31357
32150
32883
33610
34327
35009
35695
36367
37018
37653
38282
38902
39519
40135
40749
41355
41956
42549
43138
43724
44319
44931
45557
46198
46926
47694
48437
49169
49944
50734
51483
52224
52975
53740
54482
55228
55982
56721
57444
58168
58893
59607
