573
1557
2530
3380
4260
5223
6128
6951
7851
8828
9699
10558
11463
12366
13218
14139
15156
16054
16986
17889
18723
19593
20528
21344
22154
22964
23751
24506
25357
26296
27193
28030
28911
29829
30648
31462
32230
32975
33707
34441
35102
35791
36460
37114
37744
38367
38990
39610
40221
40840
41438
42047
42634
43230
43812
44405
45020
45645
46282
47014
47778
48528
49251
50032
50821
51570
52315
53062
53829
54561
55315
56076
56817
57537
58251
58985
59693
