815
1838
2824
3635
4528
5486
6351
7212
8111
9100
9969
10822
11748
12667
13471
14402
15416
16320
17234
18117
nan
19874
20746
21593
22436
23263
24002
24775
25646
26565
27427
28301
29171
30096
30891
31662
32434
33166
33898
34617
35307
35995
36678
37329
38001
38671
39258
nan
40506
41104
41711
42328
42843
nan
44123
44687
45236
45963
46567
nan
48006
48786
49542
50302
51121
51846
52587
53321
54058
54823
nan
56348
nan
57794
58522
59262
59942
