579
1265
1940
2601
3160
3837
4511
5295
5965
6641
7316
7992
8666
9364
10061
10643
11441
12127
12726
13464
14131
14758
15477
16036
16788
17480
18151
18833
19508
20189
20859
21541
22215
22908
23606
24290
24982
25556
26367
27043
27715
28379
29050
29601
30382
31068
31742
32379
33142
33798
34457
34959
35693
36339
36970
37572
38239
38717
39353
39975
40634
41147
41840
42321
43031
43651
44257
44858
45462
46058
46654
47256
47854
48469
49077
49687
50307
50814
51541
52175
52801
53419
54032
54647
55231
55851
56456
57053
57655
58256
58859
59472
60092
60711
