666
1356
2034
2707
3378
4044
4714
5385
6053
6725
7407
8080
8759
9452
10145
10835
11527
12219
12896
13568
14240
14906
15570
16236
16902
17577
18248
18925
19602
20281
20953
21632
22310
22998
23695
24383
25076
25771
26460
27136
27803
28472
29136
29804
30475
31158
31858
32542
33213
33832
34514
35158
35799
36402
37049
37666
38311
38902
39514
40116
40720
41326
41928
42530
43131
43737
44341
44944
45544
46143
46742
47340
47943
48549
49157
49775
50393
51014
51635
52261
52882
53500
54114
54729
55333
55937
56539
57139
57737
58336
58944
59556
60174
60795
