1269
2120
2974
3822
4696
5584
6501
7397
8312
9236
10179
11127
12060
13003
13926
14849
15760
16644
17549
18449
19329
20203
21079
21959
22811
23664
24524
25388
26197
27014
27841
28704
29547
30327
31031
31512
32490
33225
34033
34807
35567
36351
37149
37939
38742
39535
40315
41091
41836
42564
43283
44010
44734
45466
46179
46890
47612
48345
49081
49797
50526
51253
51972
52671
53385
54098
54833
55570
56309
57064
57825
58562
59284
60018
60754
nan
