1041
1800
2537
3268
nan
4612
5359
6109
6824
7530
8293
nan
9798
10581
11252
12092
12829
13500
14284
14977
15680
16308
17059
17803
nan
19361
20108
20818
21545
22239
22920
23575
24319
24975
25667
26373
27124
27866
28542
29328
29997
30722
31997
32698
33206
33825
34402
35082
35659
36189
36734
37310
37974
38444
39048
39657
40178
40750
41408
41992
42477
43032
43601
44174
44740
45205
45830
46348
46953
47791
nan
nan
49962
nan
51324
52049
52740
53254
53793
nan
55092
55638
56271
56856
nan
57950
58615
59217
59806
60321
nan
