255
1409
2355
3053
4150
5043
5954
6660
7694
8650
9556
10232
11131
12053
12905
13980
14993
15755
16694
17551
18545
19417
20374
21041
22029
22806
23447
24353
25066
26157
27033
27852
28669
29655
30307
31337
32102
32805
33475
34265
34981
35642
36303
36975
37636
38195
38684
39277
39978
40699
41302
41896
42465
42986
43658
44188
44899
45508
46139
46713
47459
48250
48995
49732
50489
51243
51980
52744
53533
54243
55169
55904
56656
57207
57962
58661
59540
