220
1384
2327
3025
4118
5016
5921
6608
7671
8616
9526
10218
11112
12027
12882
13926
14943
15733
16664
17530
18507
19379
20353
20998
22000
22786
23423
24303
25018
26128
27008
27812
28628
29622
30283
31310
32079
32754
33440
34235
34959
35626
36280
36950
37617
38165
38658
39250
39950
40640
41276
41869
42435
42961
43610
44151
44874
45481
46088
46692
47434
48227
48965
49709
50470
51214
51963
52715
53515
54206
55147
55872
56620
57182
57921
58640
59495
