520
1515
2487
3332
4214
5174
6081
6903
7805
8779
9655
10510
11418
12323
13171
14092
15108
16007
16937
17842
18676
19549
20486
21294
22109
22918
23702
24462
25313
26249
27144
27982
28868
29784
30601
31402
32193
32919
33653
34371
35055
35741
36411
37062
37698
38325
38945
39564
40180
40793
41397
42000
42592
43182
43769
44362
44974
45601
46242
46970
47736
48479
49211
49987
50778
51527
52268
53018
53783
54523
55271
56027
56764
57489
58211
58937
59652
