571
1813
2812
3611
4262
5464
6296
7193
8010
8991
9950
10805
11738
12624
13444
14272
15400
16305
17158
18050
nan
19867
20721
21573
22420
23251
23985
24656
25629
26550
27313
28281
29098
30065
30875
31649
32429
33127
33879
34600
35277
35953
36661
37298
37992
38660
39251
nan
40495
41001
41596
42300
42808
nan
44111
44669
45221
45946
46556
nan
47969
48778
49525
50290
51109
51831
52578
53301
54006
54741
nan
56311
nan
57784
58508
59243
59935
