540	564	577	663	677	698	753	738	912	931	984	519	481	591	487	532
1270	1307	1335	1405	1389	1440	1513	1485	1662	1674	1722	518	487	617	484	525
2047	2066	2080	2164	2150	2201	2252	2242	2399	2433	2475	519	490	614	487	524
2811	2845	2865	2938	2921	2973	3016	3024	3197	3206	3254	517	483	607	487	527
3600	3642	3655	3735	3748	3771	3831	3824	3991	4009	4083	519	489	581	496	531
4406	4418	4438	4509	4524	4546	4599	4617	4765	4778	4827	521	483	581	496	532
5114	5129	5146	5303	5289	5340	5393	5381	5564	5578	5633	517	480	613	485	525
6017	6029	6066	6116	6099	6151	6195	6206	6348	6386	6439	517	485	612	488	526
6822	6846	6865	6942	6956	6978	7043	7025	7203	7211	7271	515	484	584	489	529
7621	7636	7658	7731	7745	7768	7809	7820	7985	8001	8064	523	486	580	496	530
8453	8465	8481	8552	8538	8588	8656	8643	8800	8828	8876	515	486	612	484	528
9252	9285	9314	9376	9361	9411	9470	9462	9641	9652	9701	515	484	615	487	526
10037	10059	10071	10167	10182	10203	10255	10244	10376	10443	10489	513	487	574	495	532
10812	10848	10865	10936	10950	10972	11036	11019	11179	11210	11254	514	480	591	482	522
11586	11632	11653	11714	11698	11749	11809	11785	11961	11983	12008	518	487	618	489	526
12380	12410	12435	12502	12514	12537	12608	12578	12740	12771	12837	515	481	593	487	525
13176	13190	13222	13280	13295	13315	13363	13376	13530	13548	13618	520	484	573	496	530
13955	13988	13998	14086	14070	14121	14194	14166	14319	14363	14402	515	480	607	481	523
14810	14822	14839	14909	14894	14946	15006	14990	15128	15185	15238	519	483	616	483	527
15618	15657	15676	15749	15760	15784	15833	15821	16010	16025	16084	517	488	591	487	529
16418	16446	16464	16529	16545	16565	16615	16608	16762	16798	16860	515	482	573	496	526
17196	17226	17263	17321	17308	17358	17411	17402	17586	17596	17629	516	483	620	487	527
18017	18028	18046	18116	18100	18151	18214	18197	18364	18387	18440	521	486	609	487	526
18776	18791	18821	18882	18897	18917	18972	18962	19114	19151	19205	519	485	571	496	533
19521	19540	19556	19631	19614	19666	19730	19718	19871	19899	19951	515	486	602	483	522
20300	20321	20332	20418	20402	20454	20553	20497	20666	20693	20747	517	485	623	486	526
21082	21118	21136	21209	21223	21246	21302	21283	21447	21478	21545	515	481	591	490	526
21871	21887	21902	21980	21994	22016	22063	22079	22208	22247	22251	522	488	574	495	530
22634	22670	22692	22760	22744	22795	22852	22839	23006	23033	23098	512	482	605	485	528
23441	23462	23478	23550	23533	23586	23646	23620	23789	23826	23862	516	482	613	483	527
24227	24249	24255	24344	24359	24381	24437	24446	24587	24619	24659	519	488	590	494	524
24868	24883	24894	25107	25122	25142	25199	25187	25377	25382	25437	519	488	572	496	526
25779	25792	25806	25884	25898	25919	25982	25958	26114	26155	26208	513	480	602	484	523
26557	26575	26579	26675	26660	26710	26783	26753	26917	26948	27003	516	483	617	489	525
27353	27389	27410	27480	27464	27515	27565	27575	27733	27752	27813	519	483	593	490	526
28146	28187	28207	28284	28266	28317	28368	28381	28521	28556	28562	516	484	607	483	523
28976	28998	29018	29093	29076	29129	29179	29166	29338	29362	29413	524	490	607	490	526
29764	29788	29791	29890	29906	29926	29975	29966	30117	30158	30165	521	482	570	493	526
30437	30446	30458	30668	30682	30704	30744	30752	30942	30953	30970	513	480	594	487	529
31264	31277	31293	31459	31426	31487	31544	31579	31688	31731	31761	519	465	559	441	481
32064	32084	32107	32175	32190	32206	32240	32250	32424	32447	32511	493	481	554	500	590
32625	32637	32660	32858	32846	32887	32920	32934	33047	33059	33120	488	543	609	519	609
33257	33277	33297	33531	33545	33567	33614	33603	33668	33677	33713	543	500	608	509	531
34102	34119	34129	34207	34188	34241	34293	34303	34464	34475	34483	517	483	598	473	509
34780	34791	34805	34887	34902	34923	34979	34960	35138	35160	35212	521	478	583	477	524
35444	35474	35493	35560	35583	35603	35659	35645	35823	35842	35890	519	488	575	491	525
36156	36165	36180	36252	36264	36288	36338	36329	36505	36524	36544	524	485	608	490	527
36778	36791	36821	36961	36933	36990	37029	37039	37220	37226	37296	518	488	614	476	523
37568	37580	37599	37669	37681	37705	37765	37755	37905	37940	37977	520	489	612	484	518
38277	38287	38304	38378	38392	38414	38455	38481	38641	38650	38691	513	483	574	487	524
38960	38973	38983	39057	39074	39095	39136	39148	39329	39337	39363	529	495	591	499	525
39576	39587	39599	39755	39766	39789	39841	39830	40023	40032	40076	519	480	608	487	532
40337	40358	40376	40452	40437	40489	40554	40523	40713	40728	40769	522	494	607	486	517
41026	41059	41077	41152	41137	41189	41225	41234	41405	41423	41451	515	484	581	485	520
41706	41723	41731	41829	41842	41863	41900	41927	42085	42094	42163	518	484	577	494	531
42388	42407	42424	42495	42509	42532	42572	42588	42759	42765	42813	524	485	604	486	524
43039	43068	43094	43172	43158	43207	43263	43248	43398	43443	43482	516	487	612	482	524
43733	43757	43790	43854	43840	43890	43940	43931	44109	44122	44180	519	489	601	486	517
44405	44427	44443	44523	44538	44560	44618	44606	44770	44791	44830	513	482	572	492	534
45091	45099	45124	45188	45200	45221	45284	45271	45429	45446	45504	526	492	594	495	525
45761	45774	45791	45857	45838	45893	45939	45957	46096	46117	46172	523	496	611	489	518
46429	46458	46485	46549	46562	46585	46630	46625	46785	46810	46885	521	486	611	491	519
47148	47173	47184	47262	47276	47298	47349	47357	47507	47533	47582	513	486	578	490	531
47859	47893	47909	47983	47966	48018	48057	48072	48194	48238	48254	527	496	604	496	527
48631	48647	48663	48738	48747	48773	48818	48838	48991	49009	49055	515	484	610	484	526
49374	49415	49433	49506	49486	49536	49604	49585	49751	49768	49813	518	492	611	489	519
50144	50166	50173	50256	50270	50293	50330	50342	50508	50528	50592	512	481	572	489	529
50890	50900	50911	50986	50970	51021	51067	51082	51230	51253	51310	528	499	601	495	526
51613	51627	51642	51713	51696	51748	51796	51808	51952	51975	51986	519	492	615	484	521
52333	52348	52361	52436	52421	52471	52527	52516	52686	52704	52757	516	490	614	493	525
53059	53066	53088	53153	53167	53190	53268	53227	53394	53420	53470	511	483	584	489	521
53729	53749	53758	53846	53829	53882	53934	53924	54091	54115	54158	524	496	593	501	532
54420	54455	54473	54543	54523	54574	54653	54613	54786	54808	54832	514	485	606	480	524
55122	55140	55155	55225	55210	55260	55302	55311	55452	55490	55534	522	487	617	488	524
55814	55830	55838	55892	55877	55927	55970	55983	56134	56153	56188	516	488	608	486	523
56448	56461	56479	56541	56554	56579	56628	56620	56770	56802	56867	515	488	599	485	521
57083	57101	57118	57184	57169	57220	57281	57269	57413	57446	57503	513	483	577	493	528
57728	57740	57754	57818	57832	57855	57909	57899	58057	58075	58100	531	501	602	503	528
58347	58381	58401	58469	58450	58506	58582	58553	58691	58723	58789	519	492	616	490	521
59007	59050	59075	59141	59121	59176	59237	59217	59371	59402	59454	516	489	605	484	517
59695	59736	59749	59822	59837	59860	59934	59895	60074	60088	60095	514	487	583	492	530
