912
1662
2399
3197
3991
4765
5564
6348
7203
7985
8800
9641
10376
11179
11961
12740
13530
14319
15128
16010
16762
17586
18364
19114
19871
20666
21447
22208
23006
23789
24587
25377
26114
26917
27733
28521
29338
30117
30942
31688
32424
33047
33668
34464
35138
35823
36505
37220
37905
38641
39329
40023
40713
41405
42085
42759
43398
44109
44770
45429
46096
46785
47507
48194
48991
49751
50508
51230
51952
52686
53394
54091
54786
55452
56134
56770
57413
58057
58691
59371
60074
