1033	1064	1133	1136	1117	1157	1252	1204	1204	1470	1513	511	398	835	429	531
1714	1736	1755	2001	1981	2022	2094	2069	2262	2313	2327	517	417	843	433	516
2735	2770	2829	2833	2813	2854	2931	2911	3123	3150	3164	516	423	786	451	515
3421	3465	3492	3643	3623	3664	3758	3710	3888	3967	4045	514	408	826	432	530
4342	4386	4391	4454	4434	4475	4567	4524	4760	4778	4791	519	416	832	436	523
5054	5065	5080	5262	5242	5283	5392	5333	5577	5598	5604	509	414	823	435	524
5830	5844	5871	6049	6028	6070	6181	6117	6227	6301	6337	515	417	767	455	515
6569	6581	6603	6842	6822	6863	6950	6912	7108	7178	7203	518	410	824	435	526
7511	7593	7600	7655	7635	7676	7769	7722	7983	7997	8050	515	408	840	427	527
8415	8452	8510	8513	8494	8535	8649	8579	8780	8812	8832	514	398	846	426	525
9108	9116	9166	9376	9356	9397	9493	9445	9696	9714	9750	519	408	794	444	525
10130	10170	10185	10232	10212	10253	10363	10302	10550	10558	10581	518	407	834	430	515
10982	11017	11029	11085	11065	11106	11209	11151	11390	11420	11483	518	403	854	425	523
11875	11893	11948	11952	11932	11973	12074	12022	12203	12215	12233	521	405	830	434	515
12516	12528	12542	12788	12767	12808	12917	12856	13064	13093	13110	518	415	795	448	521
13476	13544	13610	13614	13594	13635	13754	13678	13913	13936	13987	514	396	844	424	530
14199	14208	14304	14444	14424	14465	14558	14511	14765	14770	14797	516	404	844	429	528
14995	14999	15014	15263	15243	15284	15369	15331	15490	15523	15540	518	414	791	448	509
15934	15986	16046	16050	16030	16071	16170	16118	16332	16382	16427	520	413	825	431	522
16603	16626	16640	16829	16809	16850	16942	16895	17080	17091	17108	516	404	819	442	515
17372	17382	17398	17606	17586	17627	17718	17676	17911	17958	17971	519	411	775	447	519
18266	18299	18367	18371	18350	18391	18487	18445	18671	18695	18743	518	412	812	437	523
19071	19113	19124	19184	19165	19206	19321	19251	19455	19513	19586	515	403	867	429	526
19984	20032	20049	20099	20079	20121	20207	20166	20404	20425	20466	519	397	876	420	523
20961	21002	21060	21064	21044	21085	21311	21129	21379	21395	21418	516	396	860	428	522
21945	21955	22007	22011	21990	22031	22107	22078	22220	22267	22283	517	411	782	447	519
22788	22822	22852	22900	22880	22921	23011	22966	23199	23219	23240	516	400	824	436	523
23689	23726	23783	23786	23767	23808	23903	23855	24076	24100	24113	521	399	856	430	529
24389	24401	24444	24659	24640	24680	24764	24725	24958	24991	25040	509	411	834	448	526
25245	25257	25322	25456	25436	25477	25568	25523	25785	25793	25808	517	412	777	445	519
25963	25977	26002	26226	26206	26247	26348	26293	26516	26536	26563	522	398	812	429	525
26912	26940	26952	27009	26990	27030	nan	27076	nan	nan	nan	516	404	835	425	512
27568	27581	27593	27818	27798	27838	27913	27893	28038	28069	28101	533	415	813	447	525
28288	28301	28337	28544	28524	28564	28580	28610	28611	28665	28684	365	444	805	494	531
29096	29111	29154	29283	29262	29304	29357	29390	29595	29607	29652	600	412	846	432	500
29731	29759	29774	30011	29991	30032	30133	30082	30303	30329	30341	533	417	835	437	500
30608	30652	30677	30722	30702	30743	30822	30789	31036	31058	31064	509	406	792	433	513
31306	31342	31401	31404	31384	31425	31540	31473	31674	31703	31709	512	408	781	439	525
31981	32007	32037	32081	32061	32101	32209	32147	32372	32400	32409	513	416	796	434	517
32650	32682	32745	32749	32729	32770	32953	32817	33037	33057	33089	523	421	798	432	523
33297	33352	33366	33412	33392	33432	33549	33478	33485	33660	33678	527	431	787	446	517
33958	33996	34015	34069	34049	34089	34105	34139	34234	34319	34373	526	428	736	457	525
34606	34639	34650	34714	34695	34735	34750	34783	34924	34969	35012	522	424	739	448	521
35248	35292	35352	35356	35336	35377	35392	35420	35547	35607	35632	524	435	769	448	527
35878	35915	35984	35988	35968	36008	36024	36053	36179	36241	36300	526	433	764	452	534
36500	36535	36549	36609	36590	36629	36645	36677	36816	36854	36903	521	436	756	454	533
37116	37155	37172	37224	37205	37244	37258	37297	37302	37465	37526	525	432	695	453	531
37723	37761	37772	37830	37810	37851	37864	37897	37918	38078	38136	523	436	703	455	520
38330	38368	38435	38438	38419	38459	38471	38503	38622	38696	38719	522	425	732	444	513
38952	38989	39012	39058	39038	39079	39092	39123	39224	39308	39344	525	432	767	446	526
39588	39629	39692	39696	39676	39716	39730	39764	39866	39946	39977	525	428	770	446	524
40263	40306	40323	40368	40348	40388	40402	40435	40602	40616	40667	530	440	769	458	525
40854	40879	40907	41042	41023	41063	41077	41112	41201	41292	41346	513	427	746	449	524
41624	41668	41726	41730	41710	41750	41765	41798	41848	41985	42016	520	423	780	440	520
42170	42184	42277	42411	42392	42432	42502	42477	42557	42661	42700	522	424	791	448	527
42989	43026	43039	43094	43074	43114	43129	43161	43319	43346	43392	525	434	776	451	530
43665	43708	43769	43773	43752	43793	43808	43847	43953	44026	44072	521	430	739	456	527
44341	44386	44445	44449	44429	44469	44483	44515	44625	44705	44812	515	421	773	440	513
44905	44941	44986	45120	45101	45141	45155	45187	45330	45379	45406	526	432	785	442	527
45695	45736	45797	45800	45781	45821	45835	45865	46016	46052	46079	529	428	768	449	531
46360	46405	46419	46467	46446	46486	46502	46535	46652	46713	46765	517	429	731	452	525
47025	47067	47131	47135	47115	47155	47170	47197	47312	47391	47421	519	425	770	443	521
47569	47589	47604	47803	47783	47823	47838	47871	47976	48058	48105	525	421	775	438	524
48385	48419	48487	48491	48471	48511	48526	48558	48709	48740	48766	525	429	779	439	530
48881	48954	48985	49170	49150	49190	49206	49245	49337	49416	49466	529	428	747	455	529
49638	49660	49695	49841	49821	49861	49877	49908	50016	50089	50136	516	422	767	436	522
50248	50288	50296	50528	50509	50549	50656	50596	50599	50782	50816	523	419	790	437	525
50964	51000	51029	51224	51205	51245	51260	51288	51401	51481	51544	522	424	787	443	527
51832	51885	51902	51941	51921	51961	51977	52011	52114	52189	52241	524	420	769	443	530
52438	52451	52475	52658	52639	52679	52695	52723	52829	52912	52947	515	418	777	435	524
53080	53114	53135	53357	53337	53377	53393	53420	53523	53610	53636	522	426	787	438	530
53974	54020	54031	54083	54063	54103	54118	54155	54322	54332	54374	524	431	780	448	535
54704	54713	54768	54771	54751	54791	54807	54841	54965	55018	55067	522	426	725	457	527
55349	55393	55406	55458	55439	55479	55494	55524	55639	55711	55744	516	422	768	439	529
56050	56084	56097	56154	56134	56174	56267	56218	56325	56402	56459	527	430	795	440	535
56724	56764	56828	56832	56813	56852	56958	56900	57001	57082	57121	519	428	795	447	531
