1033
1714
2735
3421
4342
5054
5830
6569
7511
8415
9108
10130
10982
11875
12516
13476
14199
14995
15934
16603
17372
18266
19071
19984
20961
21945
22788
23689
24389
25245
25963
26912
27568
28288
29096
29731
30608
31306
31981
32650
33297
33958
34606
35248
35878
36500
37116
37723
38330
38952
39588
40263
40854
41624
42170
42989
43665
44341
44905
45695
46360
47025
47569
48385
48881
49638
50248
50964
51832
52438
53080
53974
54704
55349
56050
56724
57277
