1157
2022
2854
3664
4475
5283
6070
6863
7676
8535
9397
10253
11106
11973
12808
13635
14465
15284
16071
16850
17627
18391
19206
20121
21085
22031
22921
23808
24680
25477
26247
27030
27838
28564
29304
30032
30743
31425
32101
32770
33432
34089
34735
35377
36008
36629
37244
37851
38459
39079
39716
40388
41063
41750
42432
43114
43793
44469
45141
45821
46486
47155
47823
48511
49190
49861
50549
51245
51961
52679
53377
54103
54791
55479
56174
56852
57536
