1204
2069
2911
3710
4524
5333
6117
6912
7722
8579
9445
10302
11151
12022
12856
13678
14511
15331
16118
16895
17676
18445
19251
20166
21129
22078
22966
23855
24725
25523
26293
27076
27893
28610
29390
30082
30789
31473
32147
32817
33478
34139
34783
35420
36053
36677
37297
37897
38503
39123
39764
40435
41112
41798
42477
43161
43847
44515
45187
45865
46535
47197
47871
48558
49245
49908
50596
51288
52011
52723
53420
54155
54841
55524
56218
56900
57590
