1204
2262
3123
3888
4760
5577
6227
7108
7983
8780
9696
10550
11390
12203
13064
13913
14765
15490
16332
17080
17911
18671
19455
20404
21379
22220
23199
24076
24958
25785
26516
nan
28038
28611
29595
30303
31036
31674
32372
33037
33485
34234
34924
35547
36179
36816
37302
37918
38622
39224
39866
40602
41201
41848
42557
43319
43953
44625
45330
46016
46652
47312
47976
48709
49337
50016
50599
51401
52114
52829
53523
54322
54965
55639
56325
57001
57689
