346
1177
1835
2638
3278
4085
4839
5603
6456
7220
8004
8773
9512
10205
10948
11589
12349
12950
13736
14433
15294
16094
16774
17495
18200
19039
19816
20496
21238
22056
22694
23499
24181
24863
25522
26272
27066
27728
28486
29351
29951
30730
31525
32114
32896
33515
34099
34766
35468
36128
36723
37312
37883
38527
39124
39694
40290
40901
41506
42088
42762
43470
44114
44772
45513
46154
46824
47491
48216
48853
49546
50194
50844
51617
52344
52956
53525
54279
54886
55527
56348
57032
57709
58425
59079
59789
60436
61119
