651
1426
2117
2831
3591
4273
5029
5924
6693
7359
8214
8954
9679
10375
11166
11956
12541
13280
14041
14738
15469
16304
16951
17581
18390
19224
19952
20628
21421
22269
22987
23630
24349
25053
25693
26441
27254
27956
28675
29483
30301
30942
31802
32349
33046
nan
34339
34967
35614
36284
36867
37453
38133
38727
39312
39877
40462
41076
41676
42273
42924
43657
44281
44945
45633
46443
46966
47686
48389
49025
49716
50463
51130
51787
52509
53136
53774
54441
55158
55856
56476
57215
57901
58541
59259
59978
60637
nan
