748
1246
1748
2388
2866
3450
4043
4647
5228
5791
6337
6910
7491
8049
8574
9226
9692
10269
10811
11425
11870
12393
12988
13508
14049
14650
15270
15835
16413
16972
17570
18147
18711
19287
19811
20367
20950
21593
22087
22571
23110
23671
24356
24830
25388
25953
26533
27177
27650
28231
28785
29349
29931
30509
31052
31605
32154
32693
33291
33753
34255
34795
35414
35855
36394
36954
37593
38035
38673
39094
39635
40155
40676
41174
41695
42215
42715
43214
43715
44214
44715
45273
45892
46552
47293
47853
48493
49291
49873
50593
51094
51674
52253
52954
53512
53955
54515
55055
55615
56254
56694
57373
57816
58396
59074
59495
60057
60597
