768
1286
1771
2409
2887
3471
4074
4669
5249
5820
6363
6931
7512
8070
8591
9250
9712
10294
10830
11446
11916
12410
13012
13542
14066
14669
15308
15866
16434
16993
17587
18166
18727
19315
19834
20389
20971
21649
22129
22590
23129
23688
24390
24850
25410
25969
26550
27203
27670
28278
28814
29369
29950
30573
31087
31625
32172
32714
33314
33773
34273
34812
35433
35872
36413
36971
37612
38051
38692
39112
39652
40172
40692
41191
41712
42231
42732
43232
43731
44232
44732
45291
45910
46572
47311
47872
48511
49311
49891
50611
51112
51691
52272
52972
53531
53972
54532
55072
55632
56272
56713
57392
57833
58413
59094
59514
60074
60614
