529
527
533
526
531
528
529
531
529
537
537
534
531
531
540
527
533
529
529
531
534
536
524
529
529
530
530
528
532
530
528
531
531
531
537
532
528
530
528
528
533
529
529
528
530
531
529
529
537
530
529
531
532
527
533
539
540
545
559
615
540
540
538
546
544
535
534
536
536
545
538
541
534
538
538
536
539
544
550
549
547
535
529
529
528
526
527
526
527
528
529
531
536
529
531
536
533
537
533
533
541
530
532
532
532
538
535
536
