816
1366
1917
2478
3048
3635
4233
4823
5396
5969
6537
7107
7671
8227
8776
9321
9873
10430
10979
11516
12046
12571
13103
13660
14243
14853
15451
16032
16598
17173
17753
18329
18899
19459
20010
20558
21105
21652
22201
22754
23305
23862
24424
24994
25572
26153
26726
27294
27854
28411
28978
29550
30118
30687
31246
31792
32332
32860
33390
33917
34449
34980
35511
36047
36593
37137
37683
38226
38765
39296
39820
40339
40857
41374
41889
42398
42905
43408
43908
44405
44915
45465
46077
46728
47376
48016
48680
49369
50033
50668
51278
51872
52450
53024
53591
54152
54707
55255
55798
56340
56888
57452
58019
58584
59144
59698
60247
60798
