385
388
391
388
383
376
366
380
387
387
380
378
386
391
397
401
395
386
395
396
399
403
396
380
369
369
368
379
384
382
374
384
382
383
388
390
391
391
392
388
385
386
380
380
381
379
380
382
382
384
375
376
387
380
380
395
389
379
391
396
381
390
395
392
378
382
388
383
389
390
404
403
406
400
407
399
408
407
415
425
415
391
366
363
373
371
378
368
363
364
369
378
378
381
385
376
384
384
395
399
390
380
379
382
385
386
389
388
