794
1342
1895
2456
3026
3614
4211
4799
5370
5945
6515
7085
7648
8205
8753
9298
9852
10409
10957
11494
12023
12548
13081
13638
14221
14831
15429
16010
16575
17151
17732
18308
18878
19438
19987
20537
21084
21632
22181
22734
23283
23839
24402
24973
25551
26133
26704
27272
27833
28389
28958
29530
30097
30666
31224
31767
32307
32839
33365
33897
34426
34960
35487
36024
36572
37119
37662
38204
38742
39274
39800
40319
40837
41353
41865
42378
42882
43383
43883
44382
44897
45443
46057
46705
47355
47996
48660
49347
50012
50645
51258
51848
52427
53003
53568
54131
54684
55235
55777
56321
56866
57431
58000
58563
59123
59677
60225
60779
