841
1390
1942
2504
3074
3661
4258
4848
5420
5995
6563
7132
7696
8253
8800
9347
9899
10456
11004
11541
12071
12596
13128
13685
14269
14878
15476
16058
16623
17199
17779
18355
18924
19484
20036
20584
21131
21678
22227
22779
23330
23886
24450
25020
25598
26178
26751
27319
27879
28437
29004
29576
30143
30713
31271
31817
32357
32886
33416
33944
34475
35007
35536
36073
36619
37164
37708
38251
38790
39321
39846
40365
40882
41399
41914
42423
42929
43432
43932
44431
44941
45490
46102
46753
47401
48042
48707
49396
50059
50693
51304
51896
52476
53050
53616
54178
54731
55281
55823
56366
56914
57477
58045
58609
59169
59723
60273
60824
