431
427
418
425
424
429
431
430
424
419
418
427
430
427
420
424
424
426
425
429
428
429
420
426
427
424
430
428
421
419
423
419
427
429
426
427
426
428
430
425
431
434
423
424
426
419
429
423
425
423
427
425
423
423
431
424
427
414
378
393
423
422
413
417
419
421
422
426
424
426
420
430
432
426
429
425
434
427
423
426
424
424
425
426
421
415
415
415
422
421
422
423
419
418
424
424
428
424
421
425
424
423
423
426
426
420
417
422
