891
1448
1990
2555
3126
3712
4305
4900
5476
6049
6611
7186
7750
8311
8855
9408
9948
10512
11065
11599
12131
12647
13190
13734
14325
14928
15528
16113
16670
17248
17829
18405
18972
19532
20083
20634
21187
21731
22293
22830
23388
23945
24508
25069
25649
26230
26809
27376
27929
28495
29060
29621
30192
30768
31314
31867
32413
32932
33494
33993
34531
35053
35592
36132
36672
37214
37755
38311
38835
39372
39894
40414
40933
41452
41971
42474
42991
43492
43993
44473
44992
45552
46152
46811
47451
48093
48753
49452
50112
50752
51353
51952
52533
53112
53672
54233
54775
55334
55875
56414
56974
57533
58094
58655
59215
59775
60335
60876
