347
860
1375
1884
2395
2905
3417
3924
4431
4937
5447
5956
6464
6975
7485
7994
8497
9001
9506
10016
10530
11047
11563
12079
12596
13111
13626
14141
14652
15168
15686
16199
16713
17229
17745
18257
18770
19285
19802
20321
20836
21353
21872
22391
22910
23427
23949
24473
25000
25531
26065
26600
27138
27679
28222
28761
29295
29829
30358
30854
nan
31920
32439
32952
33464
33974
34481
34988
35496
35999
36505
37006
37505
38004
38463
38965
39491
39950
40473
40930
41420
41905
42389
42875
43356
43844
44327
44806
45319
45769
46254
46731
47209
47689
48177
48665
49148
49628
50115
50631
51084
51568
52085
52569
53054
53507
53990
54509
54993
55477
55925
56441
56885
57396
57843
58319
58830
59303
59777
60251
60694
