319
998
1581
2118
2739
3299
3898
4437
5085
5581
6378
7004
7675
8340
8974
9496
10198
10680
11381
11959
12555
13040
13701
14272
14880
15463
16138
16734
17659
18259
18996
19559
20356
20916
21572
22096
22794
23378
23958
24498
25115
25653
26278
26821
27456
28061
28595
29338
30107
30653
31423
31941
32554
33207
33792
34354
34913
35471
35995
36557
37040
37555
38080
38575
39074
39566
40057
40553
41049
41572
42075
42611
43168
43738
44372
44959
45613
46091
46694
47422
47956
48648
49269
49848
50329
51000
51611
52174
52729
53305
53849
54386
54935
55506
56096
56692
57331
57829
58489
59075
59808
