528
534
521
524
507
568
527
534
519
527
529
507
526
510
530
510
535
519
530
534
526
529
521
533
515
530
513
542
514
529
525
516
544
512
521
523
516
533
529
527
519
537
516
536
517
524
526
518
519
541
495
532
551
543
502
552
518
517
513
528
530
522
532
519
524
541
536
527
521
520
531
520
517
525
534
529
523
527
519
526
516
537
551
529
484
602
486
533
519
515
534
527
535
538
503
555
536
513
508
516
529
