340
1129
1857
2824
3532
4317
5240
6101
6869
7659
8537
9385
10151
10744
11621
12342
12962
13857
14566
15356
16386
17246
17960
18968
19790
20454
21348
21963
22863
23487
24472
25373
26182
26983
27875
28659
29458
30272
31127
31735
32534
33150
33874
34583
35396
36049
36618
37343
37904
38459
39208
39819
40292
41042
41559
42276
43028
43837
44477
45283
46178
46750
47671
48292
49062
49739
50672
51240
52054
52868
53459
54180
55089
55677
56443
57233
58156
58927
59716
60356
61206
61997
62629
63253
64057
64800
65698
