864
1622
2412
3222
4087
4858
5634
6517
7375
8165
8960
9763
10542
11286
12007
12839
13570
14211
15027
16009
16888
17614
nan
19374
20177
21017
21756
22492
23323
24062
24973
25749
26582
27436
28280
29075
29924
30767
31488
32248
33019
33776
34398
35126
35781
36449
37172
37767
38478
39012
39592
40264
40853
41446
42143
42868
43558
44296
45010
45735
46519
47300
nan
48876
49544
50352
51018
51767
52619
53350
54062
54639
55501
56179
57068
57852
58643
59369
60172
60759
61589
62385
63095
63817
64531
65232
nan
