981
1745
2463
3186
3863
4606
5308
6006
6727
7390
8071
8769
9471
10129
10752
11445
12090
12756
13410
14074
14775
15433
16137
16815
17517
18238
nan
19640
20359
21056
21779
22441
23157
23859
24564
25239
25948
26663
27326
27981
28682
29383
30045
30778
31484
32164
32844
33504
34183
34865
35526
36226
36869
37584
38286
38984
39687
40346
41048
41727
42408
43068
43747
44428
45091
45730
46391
47148
47850
48554
49271
49992
50675
51393
52114
52813
53494
54216
nan
55598
56274
56996
57675
58377
nan
59716
nan
nan
