743
1472
2196
2923
3653
4362
5100
5840
6553
7285
8014
8721
9425
10148
10863
11577
12309
13029
13779
14525
15257
15970
16684
17397
18108
18803
19525
20261
20979
21679
22406
23119
23846
24558
25249
25975
26686
27401
28129
28823
29563
30275
30975
31658
32315
32947
33579
34216
34866
35519
36209
36891
37579
38292
39003
39716
40423
41122
41840
42546
43256
43982
44704
45421
46145
46873
47596
48296
49014
49768
50484
51238
51980
52706
53422
54122
54839
55545
56278
56993
57705
58408
59127
59830
60536
nan
