378
1076
1841
2635
3440
4278
5138
5981
6821
7639
8462
9229
9985
10745
11487
12183
12945
13727
14548
15370
16108
16916
17692
18473
19229
19952
20694
21454
22234
22837
23759
24519
25320
26123
26857
27618
28419
29002
29762
30643
31423
32167
32834
33510
34130
34892
35573
36273
36915
37576
38255
38900
39537
40179
40798
41477
42163
42841
43499
44223
44923
45664
46400
47122
47804
48365
49186
49886
50589
51329
52026
52729
53287
54131
54831
55510
56212
56891
57596
58133
58976
59696
60418
