447
811
1423
1855
2228
2752
3337
3858
4345
4836
5271
5900
6375
6922
7440
8033
8579
9076
9620
10168
10683
11207
11691
12351
12857
13324
13961
14430
14986
15612
16084
16644
17264
17811
18407
18893
19468
19992
20468
20902
21502
22052
22580
23093
23554
24195
24754
25349
25876
26508
27043
27559
28047
28624
29168
29714
30267
30907
31509
31997
32565
32989
33615
34120
34553
35138
35620
36114
36622
37123
37628
38114
38629
39060
39671
40141
40687
41177
41718
42198
42826
43303
43874
44493
45128
45638
46222
46883
47474
48046
48632
49153
49783
50423
50968
51452
52038
52679
53264
53855
54474
55139
55796
56348
56888
57583
58213
58702
59394
59962
