726
1167
1670
2104
2572
3110
3646
4146
4553
5140
5643
6130
6596
7188
7731
8305
8860
nan
9934
10446
nan
11410
12034
12639
13176
13596
14261
14712
15403
15927
nan
nan
17570
nan
18587
nan
19756
20253
20682
21190
nan
22335
nan
23321
23949
24512
25065
nan
26195
26757
27309
nan
28330
28974
29508
29962
30649
31211
31828
32251
nan
nan
33787
34434
34942
35463
35952
36361
36829
37442
37936
38356
38932
39458
nan
40459
40886
41402
41936
42546
43134
43614
44177
44882
45421
45892
46471
47080
nan
48287
48838
nan
nan
50645
51207
nan
52324
52987
53581
54059
54794
nan
56023
56578
57214
57825
58501
nan
59595
60201
