347
1073
2056
2723
3659
4452
5210
6067
6839
7636
8414
9187
10008
10693
11527
12465
13301
14168
14856
15822
16489
17486
18334
19027
19866
20485
21408
22180
23040
23900
24559
25309
26212
27023
27843
28435
29137
29924
30574
31038
31601
32260
32686
33480
34066
34743
35298
36110
36848
37552
38237
38997
39625
40230
40867
41426
42353
42973
43681
44506
45277
46133
46917
47689
48431
49154
49714
50706
51556
52240
52874
53834
54477
55377
56189
56971
