418
1279
2154
2979
3752
4547
5373
6172
6932
7732
8559
9281
10069
10940
11788
12564
13395
14259
15084
15911
16750
17580
18429
19223
19960
20695
21498
22278
23122
23996
24834
25566
26308
27119
27938
28667
29355
30024
30663
31266
31851
32428
32988
33555
34162
34819
35499
36190
36897
37640
38375
39088
39718
40327
40960
41708
42419
43143
43909
44717
45531
46304
47070
47825
48530
49215
49948
50800
51609
52332
53078
53901
54738
55513
56276
57065
