511
1369
2244
3066
3835
4643
5524
6254
7022
7830
8649
9371
10160
11027
11879
12649
13491
14348
15189
15999
16835
17671
18519
19313
20046
20797
21596
22364
23208
24084
24933
25658
26412
27206
28043
28768
29528
30116
30756
31522
31935
32514
33230
33642
34248
34903
35590
36277
36988
37730
38469
39183
39803
40417
41042
41807
42510
43239
43997
44818
45625
46387
47160
47994
48643
49303
50036
50887
51696
52431
53168
53994
54840
55601
56370
57156
