490
1310
2111
2911
3691
4472
5213
5932
6653
7354
8034
8714
9355
10035
10795
11576
12396
13236
14017
14797
15598
16358
17119
17819
18558
19318
20019
20780
21420
22139
22882
23540
24260
25000
25741
26502
27241
28003
28682
29323
29944
30564
31162
31762
32363
33063
33705
34504
35324
36367
37305
38246
39087
39946
40606
41448
42446
43006
43767
44627
45387
46149
46927
47717
48525
49213
49991
50770
51529
52271
53192
54152
54956
55571
56392
57193
