nan
937
1628
2361
3122
3774
4596
5297
6119
6913
7556
8436
9227
10063
10946
11716
12589
13430
14142
15056
15802
16527
17456
18282
19138
20109
20895
21900
22761
23638
24404
25154
26022
26837
27650
28524
29341
30063
30926
31686
32426
33154
33903
34556
35297
36126
36773
37643
38379
38971
39874
40397
41294
42031
42729
43468
44333
44974
45885
46634
47496
48320
49301
50030
50831
51898
52562
53721
54486
55327
56461
57405
58149
59231
