299
1043
1766
2475
3232
3970
4698
5471
6229
7013
7823
8650
9508
10303
11054
11832
12690
13556
14347
15157
15983
16789
17560
18404
19311
20232
21126
22015
22863
23750
24538
25338
26153
26979
27826
28626
29447
30244
31022
31832
32543
33238
33986
34745
35476
36236
37001
37755
38498
39243
39977
40685
41402
42141
42933
43723
44521
45278
46054
46882
47726
48540
49393
50270
51106
51959
52867
53814
54707
55612
56554
57502
58399
59303
