357
1117
1829
2537
3297
4041
4766
5534
6300
7078
7900
8716
9578
10378
11118
11899
12758
13616
14408
15223
16055
16860
17639
18478
19382
20301
21188
22079
22925
23819
24606
25406
26244
27044
27898
28697
29523
30326
31099
31928
32621
33306
34071
34817
35543
36308
37070
37827
38566
39308
40036
40768
41463
42220
43014
43784
44623
45336
46128
46960
47798
48613
49473
50331
51192
52034
52927
53886
54774
55687
56628
57562
58466
59361
