757
1647
2669
3347
4306
5135
5854
6741
7562
8379
9149
9973
10769
11394
12329
12979
13785
14720
15572
16376
16979
17643
18345
19080
20072
21005
22020
22976
23958
24946
25857
26668
27496
28324
29149
29998
30654
31518
32286
32918
33654
34367
35101
35707
36324
36928
37543
38150
38748
39356
39972
40602
41215
41819
42428
43042
43660
44278
44911
45577
46127
46834
47536
48433
49179
49909
50512
51346
52017
52596
53254
54132
54778
55502
56234
57143
57884
58619
59349
60065
60758
