341
937
2088
2859
3238
3561
4315
5217
6059
6920
7804
8296
9436
10220
11089
12386
12844
13552
14061
14861
15724
16737
17400
18334
19177
20037
21099
21677
22520
23522
24157
25001
25892
26800
27717
28639
29303
30182
30887
31547
32247
33158
33766
34214
35324
35825
36468
37161
37866
38479
39123
39738
40341
40957
41566
42179
42785
43418
43927
44597
45216
45884
46678
47375
48042
48698
49362
50054
50799
51504
52177
52860
53579
54337
55081
55815
56479
57156
57879
58637
59385
60135
60857
