nan
931
1722
2466
3230
4023
4802
5622
6404
7184
7975
8623
9528
10308
10926
11802
12547
13159
14062
14750
15488
16218
16954
17710
18440
19180
19816
20682
21418
22160
22898
23648
24393
25130
25869
26607
27209
28020
28727
29395
29974
30688
31348
32048
32727
33552
34131
34946
35516
36359
36938
37767
38484
39165
39724
40498
41152
41799
42450
43082
43601
44326
44982
45522
46349
46961
47902
48779
49621
50520
51428
52266
53080
53865
54595
55170
55903
56752
57446
58052
58765
59615
60368
