324
1083
1854
2612
3405
4192
4976
5775
6574
7353
8140
8928
9699
10475
11228
11971
12718
13464
14195
14924
15656
16378
17122
17875
18605
19351
20097
20841
21587
22330
23067
23810
24561
25298
26039
26778
27490
28186
28879
29565
30256
30964
31643
32333
33011
33708
34417
35114
35809
36528
37236
37936
38636
39324
39997
40662
41318
41958
42595
43232
43862
44487
45127
45799
46512
47250
48070
48943
49779
50673
51574
52414
53248
54010
54736
55465
56193
56899
57611
58330
59047
59769
60511
