277
1036
1807
2564
3392
4143
4929
5727
6527
7306
8127
8881
9652
10463
11181
11925
12671
13417
14184
14877
15608
16332
17109
17827
18559
19338
20050
20793
21541
22281
23020
23798
24515
25251
25992
26731
27445
28140
28865
29518
30207
30950
31600
32285
32964
33661
34401
35068
35761
36513
37188
37921
38618
39276
39950
40646
41304
41912
42581
43215
43850
44441
45111
45782
46466
47238
48053
48896
49765
50656
51527
52400
53232
53963
54689
55449
56180
56852
57594
58316
58999
59753
60495
