627
1383
2159
2926
3708
4527
5283
6082
6875
7656
8446
9232
10017
10812
nan
12284
13030
13603
14536
15235
15955
16674
17439
18193
18940
19688
20433
nan
21887
22461
23377
24112
24885
25599
26339
27126
27744
28373
29189
29869
30549
31078
31949
32669
33302
34013
34714
nan
36132
36839
37557
38247
38933
nan
40298
40960
41646
42293
42907
43529
44184
nan
45419
46098
46860
47550
48376
49136
50087
50989
nan
52722
53553
54352
55041
55789
56509
57222
57918
nan
59376
60081
nan
