1017
1831
2617
3427
4212
4957
5736
6514
7323
8080
8879
9661
10435
11249
12079
12832
13658
14464
15262
16054
16798
17614
18356
19069
19922
20720
21463
22270
23025
23731
24406
25183
25938
26650
27451
28227
28970
29793
30539
31252
31998
32729
33457
34235
nan
35759
36526
37201
37940
38578
39317
40018
40717
41391
42108
42822
43529
44199
44901
45649
46274
47040
47733
48433
49104
49836
50446
51200
51879
52586
53320
53986
54805
55620
56288
57153
57896
58657
59362
nan
