635
1445
2226
3022
3811
4581
5369
6138
6909
7705
8504
9283
10076
10874
11643
12450
13265
14061
14876
15668
16429
17201
17974
18707
19521
20306
21083
21869
22633
23333
24035
24793
25546
26300
27088
27863
28614
29371
30127
30844
31613
32372
33097
33859
34611
35395
36093
36806
37507
38190
38901
39607
40313
40986
41713
42424
43122
43823
44530
45245
45948
46653
47346
48030
48719
49419
50120
50806
51483
52182
52912
53664
54424
55208
55973
56721
57482
58252
59025
59802
