89
904
1669
2437
3338
3907
4793
5457
6093
6851
7567
8471
8977
9838
10383
11169
12040
12933
13824
14626
15533
16191
16944
17737
18464
19074
19829
20421
21147
21933
22731
23494
24210
24872
25931
26689
27499
28391
28986
29866
30403
31156
31672
32189
nan
33438
34091
34682
35232
35805
36258
37004
37607
38216
38723
39409
40001
40598
41192
41690
42165
42896
43455
44182
45024
45737
46573
47327
48105
48763
49468
50004
50604
51131
51928
52355
53043
53717
54326
55061
55612
56074
56747
