353
1006
1764
2622
3422
4135
4874
5613
6328
7104
7822
8501
9213
9918
10615
11341
12101
13075
13957
14846
15632
16408
17128
17841
18543
19230
19945
20698
21427
22109
22811
23524
24284
25164
26142
26868
27694
28526
29293
30006
30640
31278
31895
32494
33081
33676
34239
34815
35380
35932
36499
37076
37684
38289
38909
39521
40127
40721
41297
41874
42457
43032
43658
44367
45159
46025
46847
47624
48334
48972
49596
50195
50788
51390
52007
52624
53253
53890
54525
55140
55754
56354
57020
