558
1251
2125
2843
3619
4388
5121
5860
6579
7314
8024
8758
9440
10159
10870
11597
12365
13292
14048
15049
15808
16626
17389
18054
18757
19473
20189
20914
21537
22379
23066
23774
24437
25360
26267
27112
28040
28740
29492
30185
30853
31498
32110
32707
33291
33872
34441
35015
35583
36132
36701
37287
37961
38500
39120
39731
40336
40923
41498
42077
42648
43244
43862
44594
45381
46242
47066
47847
48548
49186
49810
50394
51000
51599
52211
52829
53475
54104
54723
55353
55945
56561
57234
