504
509
507
503
503
506
510
505
508
506
502
505
503
505
505
501
505
505
508
507
505
503
506
507
501
501
508
505
504
505
507
506
506
506
509
506
500
507
508
510
495
508
504
507
501
507
508
494
488
498
489
520
512
518
503
506
510
505
508
507
504
505
497
502
502
507
496
503
509
497
502
509
508
498
508
503
500
503
505
502
503
505
505
504
501
509
500
508
507
494
502
502
510
499
504
500
508
499
506
505
496
