739
1508
2212
2922
3669
4412
5128
5859
6621
7354
8075
8914
9548
10285
11028
11771
12493
13234
13992
14738
15470
16200
16946
17678
18372
19111
19921
20543
21245
21977
22704
23427
24170
24879
25603
26320
27021
27709
28401
29057
29750
30404
31136
31831
32554
33261
33892
34653
35400
36028
36754
37449
38005
38616
39272
39892
40578
41215
41910
42609
43200
43932
44558
45245
45903
46572
47244
47905
48644
49299
50045
50721
51395
52095
52770
53479
54127
54829
55512
56178
56867
57588
58259
58990
59693
60421
61119
61808
62535
63224
63974
64679
65265
65953
66722
67345
67921
68656
69341
69964
nan
