812
1514
2334
2994
3692
4334
4995
5495
6313
6834
7655
8318
8815
9615
10278
10996
11738
12237
nan
13716
14318
nan
15396
16156
16777
17457
18040
18656
19298
19977
20656
21239
nan
22860
23519
24222
nan
25519
26161
26761
27220
27980
28622
29262
nan
nan
nan
31942
32582
33264
33761
nan
nan
36485
37085
37684
38265
nan
39085
39966
40485
nan
41586
42088
nan
nan
nan
44088
44789
45169
45889
46447
47010
47487
48250
48910
49588
50270
50948
nan
52331
53009
53671
54291
54771
55532
56132
56731
57292
nan
58414
59011
nan
nan
