873
1415
2096
2776
3472
4113
4775
5418
6092
6758
7534
8094
8736
9396
10058
10777
11480
12177
12837
13476
14099
14716
15333
15940
16562
17199
17818
18437
19077
19736
20438
21200
21899
22618
23303
23979
24641
25283
25923
26540
27144
27763
28383
29023
29684
30362
31022
31704
32346
33041
33824
35022
35645
36266
36864
37445
38145
38605
39088
39673
40267
40805
41295
41826
42425
42891
43588
43961
44547
45090
45647
46225
46789
47387
48008
48671
49368
50051
50730
51413
52092
52769
53529
54070
54690
55311
55910
56510
57072
57635
58197
58771
59452
59928
