419
1146
1829
2497
3190
3915
4655
5388
6089
6764
7473
8216
8977
9750
10487
11204
11969
12773
13528
14241
14982
15731
16476
17170
nan
18592
19341
20096
nan
21558
22246
22951
23683
24427
25176
25897
26583
27264
27972
28796
29811
30458
31404
32093
32722
33340
33997
34674
35358
35917
36714
37378
38042
38730
39458
40189
40923
41634
42356
43101
43835
44570
45262
45946
46262
46627
47313
47768
48695
49381
50066
50571
51466
52108
52891
53545
nan
nan
55706
56427
57166
57899
58586
59253
nan
