406
1131
1813
2481
3176
3901
4641
5373
6072
6750
7459
8202
8963
9734
10473
11189
11956
12759
13514
14228
14969
15717
16463
17154
17845
18578
19327
20082
20839
21541
22231
22938
23670
24414
25162
25881
26567
27250
27957
28722
29781
30437
31388
32055
32682
33326
33983
34662
35345
35855
36700
37361
38026
38717
39446
40176
40907
41618
42345
43089
43822
44553
45246
45934
46251
46613
47301
47712
48683
49368
50052
50507
51449
52074
52852
53531
54266
54977
55692
56415
57154
57884
58569
59239
59925
