568
1345
2102
2849
3555
4311
5164
5965
6805
7705
8626
9478
10252
11058
11865
12658
13451
14286
15180
15865
16937
17835
18706
19518
20376
21221
22091
22975
23851
24736
25622
26534
27324
28164
28956
29755
30575
31378
32097
32798
33481
34199
34851
35489
36077
36715
37368
38027
38751
39373
40095
40760
41506
42267
42841
43735
44446
45169
45867
46596
47363
48215
48926
49695
50470
51221
51954
52504
53276
53987
54686
55358
56056
56801
57591
58379
59179
59984
60788
