734
1507
2269
3015
3723
4479
5284
6128
6971
7872
8792
9642
10418
11223
12032
12819
13618
14457
15352
16206
17102
18000
18840
19684
20542
21391
22256
23141
24016
24902
25790
26635
27493
28332
29130
29922
30739
31548
32269
32971
33660
34324
34968
35684
36346
36889
37540
38273
38934
39538
40214
41004
41671
42433
43176
43900
44610
45330
46033
46861
47528
48327
49091
49933
50634
51383
52072
52833
53441
54152
54846
55522
56323
57050
57754
58541
59342
60146
60949
