716
1489
2250
2996
3703
4460
5265
6109
6951
7852
8773
9623
10398
11204
12014
12800
13599
14439
15333
16187
17084
17981
18821
19666
20523
21372
22238
23121
23998
24884
25771
26615
27474
28313
29110
29903
30721
31528
32248
32951
33640
34304
34947
35589
36230
36870
37520
38180
38850
39519
40194
40909
41652
42415
43157
43881
44592
45311
46015
46745
47511
48308
49071
49841
50617
51365
52053
52728
53422
54134
54828
55503
56202
56948
57735
58522
59324
60128
60931
