349
1010
1596
2130
2750
3311
3929
4450
5114
5590
6389
7021
7688
8351
8988
9531
10209
10690
11391
11989
12568
13052
13749
14306
14908
15472
16150
16748
17670
18289
19007
19567
20363
20929
21588
22124
22808
23387
23972
24509
25129
25665
26307
26826
27472
28072
28606
29348
30125
30667
31442
31956
32569
33219
33808
34367
34927
35486
36005
36567
37088
37564
38089
38590
39088
39606
40069
40560
41064
41585
42151
42627
43193
43747
44385
44973
45625
46150
46705
47445
48002
48662
49282
49879
50344
51008
51622
52198
52752
53320
53870
54419
54940
55523
56103
56703
57362
57840
58525
59142
59819
