412
427
425
421
411
466
401
435
404
414
431
395
442
405
441
402
448
403
437
419
416
426
393
452
401
454
391
429
439
409
442
383
476
385
436
403
420
438
414
447
401
447
402
451
407
426
411
436
409
439
399
421
446
448
397
462
408
437
413
446
435
417
435
419
427
444
424
439
408
428
444
407
428
421
436
426
429
424
424
438
408
456
439
435
391
521
386
445
435
423
432
419
455
436
419
454
432
407
413
443
426
