309
970
1571
2090
2724
3283
3886
4413
5072
5569
6368
6989
7652
8329
8962
9492
10186
10669
11371
11951
12483
13030
13689
14258
14866
15452
16129
16722
17650
18252
18980
19549
20339
20889
21550
22089
22782
23364
23945
24470
25105
25624
26265
26800
27446
28044
28585
29324
30096
30649
31401
31922
32532
33150
33781
34343
34899
35466
35987
36546
37025
37543
38073
38562
39063
39551
40044
40487
41040
41544
42063
42583
43155
43720
44365
44943
45588
46081
46683
47404
47947
48627
49201
49830
50324
50982
51592
52158
52709
53293
53837
54363
54921
55484
56083
56679
57306
57819
58481
59064
59758
