96
859
1645
2528
3270
4021
5054
5744
6611
7499
8312
9207
10093
10895
11842
12888
13603
14765
15740
16452
17189
17932
18781
19610
20679
21623
22590
23633
24381
25197
26098
26952
27735
28551
29608
30464
31349
32060
32817
33566
34255
34958
35672
36144
36690
37442
37863
38662
39236
39900
40636
41366
42212
43061
43908
44758
45619
46409
47199
47964
48940
49500
50292
51030
51839
52905
53563
54407
55312
56449
57118
57911
58992
59953
