922
1628
2331
2980
3660
4324
4991
5665
6349
7027
7691
8330
8953
9569
10192
10846
11536
12256
13034
13797
14583
15349
16121
16902
17644
18380
19104
19801
20500
21163
21806
22458
23158
23937
24740
25500
26275
27060
27846
28628
29391
30163
30980
31824
32646
33484
34366
35301
36231
37133
38004
38879
39767
40626
41445
42287
43176
44093
44946
45787
46652
47543
48410
49275
50171
51048
51892
52697
53496
54342
55227
56102
56970
57792
58552
