1242
1949
2647
3269
3978
4641
5304
5983
6659
7341
7999
nan
9253
9883
10506
11167
11849
12571
13365
14114
14902
15667
16444
17221
17952
18699
19426
20108
20821
21485
22124
22779
23477
24255
nan
25814
26592
27382
28176
28946
29707
30490
31302
nan
32960
33812
34693
35622
36541
37439
38329
39201
40096
40920
41773
42617
43497
44416
45256
46112
46964
47872
48712
49592
50495
51358
52197
53007
53781
54664
55556
56374
57315
58090
58884
