688
1407
2108
2768
3448
4128
4708
5387
6087
6767
7467
8047
8767
9386
9927
10566
11267
11987
12767
13691
14307
15067
15847
16627
17407
18126
18847
19547
20249
20968
21609
22249
22908
23668
24468
25229
26009
26790
27570
28350
29110
29890
30712
31731
32371
33211
34112
35213
36134
37035
37934
38794
39495
40354
41174
42014
43077
44016
44676
45516
46396
47277
48318
49178
49919
50799
51638
52419
53220
54060
55141
55827
56881
57582
58282
