604
1152
1692
2244
nan
3359
3937
4534
5121
5698
6273
6854
7445
8045
8669
9310
9934
10558
11179
11791
12374
12936
13486
14032
14582
15148
15728
16303
16893
17478
18069
18659
19241
19816
20380
20928
21474
22023
22578
23147
23715
24283
24850
25428
26018
26611
27200
27787
28374
28963
29559
30154
30739
31307
31881
32456
33021
33578
34131
34687
35232
35776
36312
36837
37359
37884
38406
38923
39437
39949
40461
40973
41480
41989
42501
43017
43524
44028
44538
45052
45564
46071
46576
47083
47596
48107
48630
49159
49687
50206
50721
51236
51757
52283
52814
53344
53884
54432
54978
55519
56056
56592
57127
57657
58182
58707
59237
59777
60326
60872
61412
