736
1285
1822
2381
2928
3493
4074
4655
5255
5820
6414
6993
7574
8180
8806
9453
10070
10695
11316
11925
12516
13068
13616
14167
14710
15282
15865
16441
17023
17611
18197
18792
19367
19948
20527
21068
21607
22155
22711
23273
23844
24413
24979
25556
26144
26745
27329
27923
28504
29087
29695
30290
30867
31447
32011
32563
33144
33686
34272
34823
35367
35901
36452
36967
37489
38013
38540
39055
39564
40076
40586
41098
41604
42119
42622
43151
43663
44150
44661
45185
45707
46202
46701
47210
47720
48233
48762
49291
49830
50332
50850
51363
51881
52412
52923
53470
54009
54566
55106
55643
56179
56718
57251
57779
58316
58836
59372
59907
60457
60997
nan
