889
1302
1835
2394
2936
3504
4082
4682
5408
5988
6424
6999
7592
8192
8823
9463
10080
10708
11331
11942
12524
13082
13630
14178
14725
15292
16013
16449
17038
17623
18218
18945
19384
19957
20529
21212
21617
22165
22723
23295
23862
24425
24992
25575
26168
26759
27346
27932
28521
29111
29704
30300
30880
31458
32022
32591
33153
33723
34277
34831
35376
35922
36462
36981
37503
38028
38689
39074
39586
40229
40602
41121
41622
42128
42643
43166
43669
44168
44681
45332
45713
46214
46718
47364
47740
48255
48774
49439
49835
50348
50864
51373
51903
52564
52955
53482
54166
54711
55259
55658
56192
56873
57407
57939
58460
58846
59512
60061
60472
61151
nan
