941
1885
2720
3501
4304
5104
5966
6746
7526
8344
9146
9905
10645
11367
12147
12927
13747
14565
15328
16089
16831
17629
18429
19228
19989
20689
21349
22008
22648
23308
23927
24548
25247
26005
26787
27545
28227
28967
29767
30602
31465
32347
33226
34107
34910
35669
36446
37328
38226
39088
39968
40889
41824
42665
43428
44206
45049
45949
46890
47868
48846
49829
50787
51787
52689
53569
54446
55328
56210
57047
57949
58848
59729
nan
