891
1575
2234
2872
3513
4131
4772
5392
5993
6612
7190
7791
8371
8969
9588
10251
10928
11628
12330
13010
13653
14247
14930
15527
16207
16826
17482
18112
18770
19391
20050
20667
21309
nan
nan
23168
23789
24430
25107
25849
nan
27408
28210
29008
29789
30548
31349
32169
32990
33769
34568
35409
36267
37150
37987
38768
39528
40308
41166
42028
42869
43709
44548
45370
46148
46967
47748
48526
49310
50101
50829
51588
52228
52867
53546
54247
54946
55625
56326
57086
57826
