935
1784
2607
3418
4256
5101
5931
6752
7551
8326
9082
9849
10615
11426
12293
13146
13969
14787
15574
16379
17159
17930
18692
19458
20228
21001
21802
22611
23421
24223
24999
25774
26571
27368
28161
28942
29686
30428
31157
31842
32514
33155
33806
34467
35164
35894
36623
37375
38168
38956
39713
40458
41206
41931
42658
43369
44091
44829
45598
46402
47200
47963
48742
49498
50246
50972
51706
52424
53134
53860
54630
55406
56170
56904
57643
58358
59057
59741
60429
