995
1856
2653
3496
4335
5198
5994
6814
7614
8392
9128
9912
10694
11490
12371
13211
14035
14851
15651
16451
17228
18009
18767
19527
20308
21047
21868
22687
23510
24285
25086
25849
26646
27445
28223
29005
29785
30508
31222
31901
32557
33199
33861
34520
35219
35960
36698
37437
38221
39017
39759
40518
41259
41997
42716
43437
44158
44896
45658
46456
47257
48039
48796
49554
50315
51018
51775
52496
53195
53933
54693
55473
56232
56972
57713
58411
59110
59811
60491
