1148
1849
2805
3485
4463
5308
6143
6962
7747
8527
9286
9923
10807
11640
12363
13345
14183
15003
15776
16578
17363
18139
18899
19660
20422
21218
22012
22816
23635
24437
25201
25977
26779
27579
28373
29152
29894
30634
31276
31892
32536
33353
34011
34671
35185
36109
36829
37571
38189
38977
39911
40669
41412
42133
42728
43569
44289
45029
45669
46607
47407
48167
48807
49567
50267
51168
51764
52626
53325
54065
54705
55485
56245
57103
57842
58562
59143
59941
60623
