1348
2188
2970
3727
4667
5467
6333
7147
7925
8705
9486
10205
10927
11826
12666
13545
14361
15163
15962
16803
17525
18241
19083
19842
20641
21321
22179
23040
23818
24580
25418
26176
26938
27757
28595
29373
30076
30736
31328
32153
32834
33474
34115
34774
35473
36193
36931
37694
38472
39274
40033
40812
41510
42252
42972
43670
44412
45130
45912
46733
47509
48269
49049
49810
50549
51288
52007
52727
53489
54166
54946
55747
56487
57227
57968
58665
59366
60044
60744
