688
1342
2215
3147
3817
4846
5750
6464
7088
8137
8723
9565
10726
11384
12083
13164
13863
14698
15653
16345
17250
18131
18951
19654
20550
21356
22028
23041
23522
24627
25419
26172
26862
27878
28721
29545
30174
31001
31542
32552
33293
33919
34791
35497
36131
37032
37875
38358
39295
40026
40679
41520
42317
43136
44004
44854
45862
46557
47547
nan
49116
50077
50855
51507
52435
52828
53305
54128
54956
55823
56713
57520
58373
59194
60022
nan
