429
1210
2048
2828
3638
4506
5339
6121
6972
7785
8551
9410
10301
11076
11916
12837
13665
14463
15310
16123
16969
17830
18606
19356
20136
21010
21877
22646
23406
24249
25093
25896
26738
27547
28362
29162
29914
30761
31211
32281
33009
33754
34489
35219
35986
36737
37460
38204
38954
39674
40430
41200
41955
42818
43722
44571
45469
46318
47139
48004
48818
49666
50506
51308
52130
52497
52977
53799
54654
55518
56348
57203
58085
58894
59739
60593
