626
1269
2109
2949
3702
4567
5399
6186
7029
7857
8607
9475
10418
11142
11982
12900
13727
14566
15370
16188
17058
17891
18696
19432
20283
21080
21942
22707
23477
24476
25160
25969
26809
27614
28420
29232
29990
30837
31414
32345
33128
33851
34598
35278
36051
36806
37513
38268
39018
39753
40495
41346
42036
42892
43792
44651
45552
46376
47214
48254
48919
49731
50580
51379
52213
52616
53051
53890
54742
55580
56420
57275
58176
58977
59832
60670
