513
1363
2185
3062
3912
4767
5625
6483
7315
8140
8981
9811
10683
11518
12327
13147
13975
14804
15650
16422
17282
18117
18962
19781
20612
21431
22287
23110
23930
24784
25608
26447
27279
28083
28937
29746
30619
31367
32284
32980
33856
34638
35313
36156
36912
37701
38429
39191
39918
40682
41399
42153
42660
43582
44307
45006
45703
46434
47160
47899
48644
49409
50201
50849
51771
52631
53446
54281
55109
55917
56565
57549
58384
59182
60001
60831
