858
1716
2575
3429
4275
5159
5976
6871
7692
8525
9352
10222
11074
11869
12651
13518
14338
15194
15987
16813
17636
18478
19324
20148
20994
21809
22640
23488
24264
25125
25958
26802
27624
28447
29322
30134
30987
31836
32630
33537
34243
35034
35785
36559
37310
38065
38846
39586
40351
41080
41777
42516
43227
43943
44645
45370
46086
46802
47519
48250
49003
49788
50571
51356
52194
53059
53878
54652
55486
56324
57107
57942
58765
59542
60363
nan
