486
493
521
515
522
532
541
479
508
523
522
578
481
517
527
517
516
533
522
524
520
523
523
578
476
514
518
519
524
526
517
515
535
524
515
458
530
516
516
526
519
521
524
524
513
513
528
538
520
498
558
597
448
488
510
505
528
540
528
536
522
529
518
524
524
513
515
519
526
518
521
519
529
521
524
518
520
519
526
524
518
516
520
527
521
520
518
520
526
520
534
525
515
522
514
519
539
511
523
513
542
