782
1358
1955
2576
3236
3922
4580
5198
5802
6422
7062
7706
8372
9040
9690
10328
10954
11557
12136
12714
13314
13948
14560
15155
15757
16378
17039
17706
18338
18951
19580
20229
20852
21463
22094
22748
23407
24031
24681
25342
25957
26590
27240
27869
28480
29110
29754
30373
30993
31629
32222
32809
33384
33992
34609
35218
35801
36372
36933
37485
38031
38578
39128
39676
40215
40759
41311
41862
42404
42945
43496
44060
44621
45180
45754
46343
46944
47539
48120
48690
49262
49837
50408
50970
51532
52101
52680
53258
53826
54392
54964
55552
56141
56724
57306
57899
58500
59096
59691
60283
60868
61437
