680
1257
1854
2473
3135
3823
4472
5132
5702
6314
6850
7519
8272
8972
9583
10150
10895
11452
12034
12611
13205
13780
14456
14963
15647
16257
16866
17592
18232
18847
19473
20123
20747
21357
21992
nan
23341
23927
24577
25128
25853
26482
27052
27761
28286
29004
29649
30252
30826
31519
32111
32698
33173
33881
34414
35113
35696
36268
36745
37383
37970
38477
39023
39515
40114
40659
41205
41758
42296
42864
43392
43960
44522
45084
45655
46242
46841
47443
48025
48588
49163
49740
50308
50866
51436
51998
52585
53158
53724
54293
54861
55452
56034
56627
57205
57693
58401
58992
59589
60118
60768
61337
