717
762
790
781
778
803
737
718
765
779
768
781
730
743
741
738
737
780
787
791
761
763
757
795
726
760
761
748
752
760
755
748
765
760
772
758
698
774
769
757
771
763
755
750
756
757
744
759
741
752
724
833
848
698
756
672
714
716
740
760
747
713
712
716
738
717
696
713
742
729
711
715
739
739
720
713
711
722
743
749
728
721
722
750
749
720
720
729
757
749
729
742
726
738
745
730
734
736
705
706
721
742
