961
1761
2639
3539
4460
5321
6160
6960
7683
8459
9221
10085
10922
11762
12585
13382
14202
14945
15743
16607
17506
18226
19006
20043
20907
21666
22426
23300
24143
24783
25503
26244
27283
28166
29004
29923
30885
31848
32546
33192
33837
34444
35068
35689
36364
37029
37736
38386
39012
39670
40346
41046
41707
42336
42986
43726
44745
45649
46490
47349
48242
49045
49803
50715
51650
52553
53371
54251
55132
55940
56689
57435
58270
59229
60070
60791
