1200
1834
2491
3115
3878
4545
5201
5838
6579
7186
7839
8580
9312
9925
10623
11272
11976
12623
13284
13950
14604
15224
15997
16643
17297
17944
18607
19279
19913
20583
21255
21885
22562
23191
23809
24458
25250
25952
26594
27238
27942
28617
29341
30062
30722
31410
32124
32756
33399
34104
34731
35394
36003
36606
37216
37862
38463
39027
39570
40209
40800
41356
41935
42455
43049
43573
44152
44681
45261
45785
46332
46927
47544
48052
48681
49261
49912
50526
51113
51799
52366
53012
53646
54058
54807
55381
55951
56435
57033
57700
58255
58933
59568
60290
nan
