1050
1990
2885
3808
4747
5570
6525
7348
8193
9015
9905
10708
11133
11530
12428
13271
14039
14899
15700
16552
17392
18265
19077
19922
20791
21557
22400
23208
23993
24873
25758
26620
27532
28448
29379
29862
30296
31098
31908
32719
33352
34119
34890
35661
36401
37133
37890
38629
39387
40168
41009
41751
42510
43322
44114
44897
45710
46559
47431
48362
49262
50149
51028
51894
52761
53568
54421
55203
56020
56877
57719
58577
59420
60294
