838
1588
2223
2973
3715
4472
5118
5929
6611
7314
8071
8819
9522
10196
10974
11694
12372
13095
13771
14514
15199
15884
16647
17386
18089
18728
19473
20216
20951
21674
22452
23127
23894
24678
25364
26074
26834
27520
28235
28916
29637
30317
31009
31684
32330
33026
33673
34338
34991
35630
36273
36912
37548
38189
38830
39454
40074
40735
41350
41975
42614
43252
43891
44534
45173
45793
46420
47069
47709
48313
48934
49593
50213
50874
51499
52175
52792
53451
54114
54814
55474
56179
56873
57491
58152
58796
59456
60114
