706
1434
2129
2864
3601
4325
5023
5751
6513
7231
7951
8686
9418
10119
10842
11572
12291
12980
13694
14419
15112
15794
16513
17230
17927
18645
19390
20103
20837
21576
22299
23035
23798
24530
25249
25981
26713
27419
28115
28822
29536
30248
30918
31575
32250
32919
33578
34237
34893
35550
36188
36829
37466
38096
38732
39362
39995
40624
41255
41889
42515
43161
43808
44453
45088
45712
46335
46971
47594
48226
48854
49493
50126
50769
51414
52058
52714
53372
54034
54698
55381
56050
56721
57395
58060
58716
59363
60014
