583
1322
2006
2747
3492
4208
4916
5642
6386
7114
7852
8575
9376
10010
10744
11451
12184
12868
13591
14309
14985
15694
16401
17110
17797
18535
19273
19888
20732
21467
22172
22848
23683
24409
25146
25871
26613
27316
28030
28630
29434
30121
30794
31464
32209
32705
33450
34132
34670
35451
36091
36611
37352
38008
38529
39189
39809
40590
41111
41789
42430
43070
43712
44353
44971
45618
46254
46869
47431
48134
48751
49452
50092
50675
51366
51970
52613
53270
53920
54590
55320
55950
56627
57288
57973
58612
59256
59908
