987
1702
2415
3152
3880
4606
5301
6032
6786
7516
8232
8974
9692
10395
11123
11858
12563
13249
13979
14699
15395
16070
16802
17514
18204
18925
19674
20381
21128
21854
22583
23322
24085
24805
25531
26264
26998
27696
28399
29114
29844
30540
31189
31841
32508
33070
33841
34506
35150
35835
36467
37123
37722
38370
39014
39652
40278
40912
41519
42154
42796
43428
44102
44746
45354
45954
46622
47256
47879
48496
49133
49744
50407
51052
51684
52333
52995
53657
54313
54987
55665
56315
56999
57688
58315
58987
59659
60299
