273
973
1692
2450
3129
3808
4528
5306
6085
6824
7583
8323
9042
9821
10620
11293
12082
12795
13445
14125
14888
15653
16394
16949
17589
18368
19128
19887
20665
21445
22263
23042
23841
24601
25379
26257
27256
28235
28893
29734
30572
31171
31850
32629
33247
34306
35065
36183
37061
37720
38579
39499
40397
41215
42114
42892
43632
44390
45170
45947
46786
47646
48485
49303
50362
51020
51900
52757
53640
54474
55372
56152
57011
58129
58968
59886
60685
61504
62343
63162
63942
64741
65560
66298
67037
67837
68657
69694
70573
71233
72051
72831
73630
74448
75188
75988
76767
77545
78344
79064
79803
80502
81181
81901
82659
83418
84218
85038
