399
402
410
405
396
392
397
391
390
391
387
389
409
408
388
390
390
396
397
385
356
391
277
397
384
397
392
396
388
393
390
388
382
387
400
389
392
407
412
396
409
395
398
399
394
391
400
384
386
385
391
386
396
405
396
391
390
385
399
403
396
382
390
393
404
395
387
388
384
395
381
387
394
387
391
391
389
383
384
395
390
402
389
392
398
390
397
396
397
388
386
392
388
396
385
387
388
391
393
378
387
385
391
389
396
386
377
382
