1022
1018
973
979
994
1011
1018
1012
1011
978
1022
1022
862
934
1022
1008
1019
1015
984
1010
1022
1022
960
1022
1022
1021
1002
1022
1022
1022
1021
992
1011
1022
1022
1022
1007
944
894
861
934
995
1022
1022
1005
1022
1022
1022
1022
1022
1022
1022
1022
987
977
994
996
1022
1022
1022
998
1022
1022
1022
1019
1015
1022
1022
1022
1021
1022
1022
1022
1022
1022
1022
1016
1016
1022
1022
1015
961
1005
1008
1022
1022
1022
1021
1018
1022
1004
1022
1022
1022
1002
1022
1022
1007
996
1006
1022
1022
1022
1022
1022
1022
1022
1022
