234
1024
1736
2447
3132
3836
4412
5227
5898
6590
7310
7989
8667
9373
10068
10776
11456
12033
12896
13589
14302
15039
15759
16455
17160
17865
18558
19210
19919
20634
21313
22007
22717
23436
24014
24824
25495
26210
26883
27568
28245
28905
29576
30258
30970
31663
32324
33033
33634
34472
35204
35907
36627
37109
37798
38565
39217
39876
40516
41206
41865
42537
43183
43839
44508
45170
45837
46354
47033
47782
48437
49092
49623
50395
51049
51714
52338
52914
53673
54333
54870
55676
56338
57016
57674
58343
59019
59539
60341
61012
61673
