404
1088
1799
2509
3213
3911
4558
5298
5966
6668
7362
8065
8748
9443
10135
10839
11529
12237
12955
13667
14376
15106
15834
16527
17231
17926
18623
19301
19996
20689
21391
22089
22800
23514
24205
24887
25589
26283
26959
27616
28308
28987
29653
30340
31017
31711
32391
33108
33840
34554
35266
35986
36653
37311
37975
38640
39296
39948
40614
41278
41936
42594
43241
43918
44576
45232
45899
46555
47208
47854
48503
49163
49815
50462
51113
51778
52432
53082
53743
54404
55076
55744
56404
57076
57747
58411
59082
59749
60413
61072
61742
