737
1426
2124
2846
3541
4236
4939
5624
6302
6984
7689
8378
9075
9771
10466
11174
11855
12577
13272
13995
14700
15432
16132
16869
17554
18260
18940
19619
20319
21020
21704
22393
23110
23841
24500
25222
25916
26610
27284
27963
28633
29317
29991
30677
31367
32039
32725
33427
34148
34860
35609
36344
37002
37631
38288
38939
39635
40262
40953
41612
42245
42924
43577
44251
44894
45571
46234
46896
47523
48177
48844
49463
50156
50774
nan
52078
52756
53393
54053
54738
55409
56078
56720
57384
58096
58731
nan
60086
60734
nan
62057
