1080
1992
2838
3708
4632
5620
6493
7104
7961
8935
10005
10988
11899
12759
13620
14357
15409
16341
17276
18139
19279
20249
21190
22004
23188
24050
24978
25900
26754
27502
28575
29586
30566
31280
32135
33111
33898
34388
35067
35894
36399
37078
37919
38367
39168
39717
40418
40937
41700
42316
42968
43534
44531
45145
45929
47011
47675
48530
49515
50168
50883
51704
52375
53115
53813
54671
55396
56264
56838
57829
58521
59259
60259
61072
