1215
2086
2936
3808
4758
5711
6586
7394
8206
9122
10136
11083
11995
12850
13712
14615
15544
16436
17337
18392
19375
20346
21285
22292
23237
24142
25074
25993
26847
27729
28707
29720
30661
31554
32441
33206
33964
34697
35335
36009
36687
37368
38014
38642
39264
39895
40517
41161
41791
42414
43061
43804
44621
45399
46182
47051
47967
48815
49603
50393
51167
51911
52621
53334
54080
54856
55625
56355
57111
57938
58769
59540
60301
61136
