1298
2175
3051
3927
4901
5815
6698
7494
8295
9222
10217
11182
12109
12950
13842
14677
15617
16532
17476
18490
19484
20456
21444
22370
23334
24264
25172
26081
26977
27832
28789
29803
30774
31676
32551
33332
34059
34783
35453
36127
36805
37476
38107
38755
39377
39998
40676
41259
41906
42528
43170
43960
44721
45505
46298
47196
48077
48926
49712
50504
51257
52005
52727
53448
54180
54974
55753
56492
57244
58052
58872
59629
60413
nan
