596
1357
2106
2842
3542
4249
4988
5738
6448
7173
7875
8551
9235
9924
10633
11355
12098
12825
13544
14284
15015
15730
16453
17173
17876
18571
19279
19995
20701
21415
22143
22852
23529
24219
24898
25570
26241
26932
27621
28291
28998
29676
30376
31058
31713
32344
32977
33581
34180
34763
35329
35885
36434
36983
37535
38087
38637
39192
39746
40305
40865
41419
41962
42509
43068
43647
44227
44810
45422
46094
46773
47474
48201
48931
49658
50356
51031
51674
52327
52985
53639
54321
55010
55721
56415
57075
57723
58355
58997
59631
60257
60869
61492
