711
1491
2240
3011
3692
4427
5098
nan
6553
7333
8038
8800
9393
10068
10810
11478
12244
12962
13795
14539
nan
15874
nan
17326
17983
18713
19451
20122
20856
21574
22249
22973
23603
24413
25033
25697
26367
nan
27740
28447
29115
29766
30530
31161
31798
32454
33047
33689
34347
34846
35402
36006
36533
37070
37651
38239
38742
39358
39884
40421
40950
41540
42089
nan
43203
43881
44369
44897
45671
46169
46845
47544
48306
49047
49756
50493
51126
51797
52466
53127
53793
54508
55157
55820
nan
57156
57809
58609
59111
nan
60347
60990
61588
