731
1466
2150
2852
3552
4271
4890
5535
6153
6785
7581
8615
9646
10652
11628
nan
13627
14568
15462
16347
17079
17798
18567
19311
20150
20826
21679
22569
23470
24374
25191
26002
26753
27531
28276
29013
29787
30602
31366
32094
32844
33527
34229
34921
35584
36296
36953
37619
38234
38846
39519
40080
40695
41272
41879
42458
43021
43599
44277
44802
45482
46173
46861
47568
48231
48902
49551
50229
50862
51527
52214
52914
53643
54339
55051
55761
56470
57139
57886
58615
59379
60151
60846
