375
1037
1712
2614
3105
3750
4494
5232
6011
6830
7611
8348
9088
9868
10505
11247
12129
12686
13406
14125
14804
15545
16343
17303
18263
19164
19822
20603
21462
22361
22941
23700
24520
25520
26419
27078
27878
28718
29538
30556
31214
31955
32694
33474
34253
35292
36230
37131
37749
38572
39309
40126
40884
41587
42346
43060
43821
44484
45205
45824
46363
47082
47742
48441
49200
49920
50620
51360
52079
52839
53578
54317
55057
55755
56458
57156
57816
58576
