367
1027
1703
2556
3092
3737
4483
5223
5998
6822
7600
8338
9079
9859
10498
11235
12116
12675
13396
14114
14794
15535
16333
17292
18254
19153
19812
20593
21453
22351
22931
23691
24511
25510
26410
27069
27868
28707
29527
30547
31205
31945
32684
33464
34243
35281
36220
37119
37738
38562
39297
40117
40875
41578
42334
43048
43794
44474
45193
45814
46352
47072
47732
48432
49191
49911
50610
51350
52069
52829
53568
54308
55047
55747
56447
57147
57807
58565
