355
1018
1696
2548
3081
3725
4474
5214
5983
6813
7592
8329
9070
9849
10488
11222
12107
12664
13387
14106
14786
15527
16324
17270
18243
19143
19804
20584
21444
22343
22923
23682
24501
25500
26400
27060
27860
28700
29519
30538
31197
31937
32676
33456
34235
35272
36211
37108
37730
38551
39291
40107
40866
41568
42327
43028
43749
44463
45185
45804
46346
47063
47723
48423
49183
49902
50601
51341
52061
52820
53560
54299
55038
55738
56437
57138
57798
58558
