791
1560
2286
2986
3639
4320
5035
5799
6604
7447
8172
8918
9663
10387
11033
11794
12550
13232
13931
14633
15379
16110
16920
17787
18666
19524
20373
21181
21977
22747
23508
24253
25073
25909
26781
27617
28446
29272
30086
30956
31773
32503
33252
34009
34812
35680
36616
37464
38293
39094
39901
40637
41458
42180
42950
43623
44327
44974
45656
46301
46919
47588
48287
49012
49750
50470
51198
51913
52651
53381
54146
54888
55595
56302
56968
57653
58349
nan
