394
1062
1748
2451
3250
4047
4859
5659
6394
7072
7717
8345
8960
9573
10200
10867
11609
12346
13048
13797
14545
15333
16173
17033
17872
18708
19535
20365
21213
22046
22895
23744
24535
25327
26180
27070
27921
28782
29684
30563
31400
32237
33081
33915
34740
35579
36429
37238
38059
38883
39681
40470
41244
42026
42784
43557
44360
45175
45964
46785
47607
48416
49223
50044
50859
51644
52445
53257
54060
54818
55601
56404
57229
58026
58844
59682
60519
61352
