699
1359
2039
2739
3559
4360
5180
5960
6680
7382
8021
8641
9261
9882
10501
11161
11901
12642
13342
14102
14842
15643
16484
17323
18164
19004
19844
20664
21525
22345
23205
24045
24825
25606
26486
27367
28207
29066
29967
30866
31687
32527
33387
34207
35027
35867
36727
37527
38348
39187
39967
40768
41548
42328
43068
43830
44669
45469
46269
47090
47910
48710
49530
50351
51171
51931
52751
53551
54352
55093
55892
56692
57533
58313
59133
59973
60814
nan
