449
1107
1790
2510
3310
4110
4910
5709
6450
7131
7772
8389
9004
9628
10250
10908
11632
12391
13091
13852
14591
15393
16233
17094
17934
18753
19594
20412
21275
22093
22956
23794
24596
25374
26236
27115
27976
28837
29737
30617
31458
32298
33138
33978
34798
35638
36476
37298
38118
38938
39737
40516
41298
42078
42838
43619
44420
45219
46020
46840
47660
48460
49280
50101
50921
51701
52501
53301
54122
54861
55663
56462
57282
58083
58904
59725
60563
nan
