129
749
1450
2250
2929
3729
4570
5350
6070
6831
7411
8213
8651
9251
9911
10751
11292
12032
12753
13492
14233
15013
15873
16733
17594
18414
19234
20054
20934
21755
22575
23435
24216
25016
25896
26756
27597
28657
29557
30438
31117
31917
32757
33597
34437
35258
36318
36917
37758
38598
39358
40159
40938
41718
42478
43238
44039
44859
45719
46499
47300
48120
48920
49721
50561
51321
52121
52941
53742
54543
55283
56082
56983
57703
58524
59364
60204
61085
