365
1036
1719
2423
3221
4020
4832
5631
6365
7044
7689
8318
8936
9545
10173
10840
11581
12319
13020
13768
14518
15305
16145
17005
17843
18681
19506
20338
21185
22020
22866
23717
24506
25301
26151
27043
27893
28753
29655
30534
31371
32208
33052
33887
34710
35550
36402
37210
38030
38854
39652
40443
41215
41997
42755
43529
44331
45148
45935
46755
47578
48388
49194
50015
50830
51615
52416
53230
54032
54790
55573
56375
57200
57998
58816
59654
60491
61324
