295
1287
2166
3152
3927
4739
5650
6597
7235
8174
9014
9920
10964
11639
12445
13533
14222
15125
16038
16949
17849
18849
19646
20440
21333
22272
23378
23970
24920
25785
26609
27026
27381
28397
29389
30302
31119
31923
32740
32902
33406
34127
34901
35782
36261
36831
37665
38396
39035
nan
40617
41246
42128
42906
43479
44205
44973
45744
46566
47385
48212
49018
49607
50482
51427
52237
52988
53740
54419
55363
56044
56927
57699
58595
59591
59833
60150
