492
1372
2343
3259
4160
5057
5851
6721
7551
8459
9316
10158
11075
11888
12740
13652
14471
15393
16300
17150
18097
18974
19834
20767
21647
22562
23462
24246
25060
25903
26759
27173
27703
28596
29511
30449
31295
32113
32845
33208
33593
34373
35112
35923
36494
37167
37843
38584
39357
40076
40814
41555
42270
42987
43741
44527
45273
46060
46836
47586
48384
49203
49964
50745
51571
52347
53128
53946
54750
55534
56377
57199
58031
58893
59690
60054
60507
