793
1684
2652
3376
4330
5360
6180
7039
7857
8772
9619
10480
11386
12188
13051
13952
14767
15691
16613
17461
18408
19279
20150
21091
21973
22923
23750
24455
25379
26197
nan
27498
28029
28885
29837
30782
31779
32498
33059
33621
34000
34590
35321
nan
nan
37431
38182
38907
39591
40400
41181
41868
nan
43191
44006
44805
nan
46378
nan
47893
48682
nan
50243
51048
51876
52541
53350
54246
54961
nan
56666
57535
58319
59003
59812
nan
60699
