740
1382
2064
2784
3441
4069
4741
5426
6063
6789
7443
8105
8699
9408
10089
10789
11488
12188
nan
13441
14066
nan
15347
15907
16569
17207
17826
18405
19046
19750
20449
21170
nan
22629
23269
23990
nan
25249
25886
26507
27151
27771
28432
29072
nan
nan
nan
31656
32315
33010
33672
nan
nan
36216
36818
37409
37990
nan
39063
39676
40222
nan
41299
41830
nan
nan
nan
43966
44505
45055
45612
46174
46747
47419
47975
48640
49334
50009
50692
nan
52063
52734
53395
54029
54656
55268
55872
56458
57033
nan
58166
58734
nan
nan
