671
669
647
650
637
664
632
671
629
663
657
662
654
630
630
653
668
647
641
635
651
673
640
632
620
653
687
655
627
634
652
671
652
627
643
649
661
649
643
654
667
658
632
638
656
665
615
634
596
898
231
649
668
674
662
688
654
641
670
677
682
664
640
667
667
682
668
677
690
668
665
722
683
645
658
663
688
679
644
622
625
663
674
676
670
661
666
677
652
674
675
643
671
687
679
673
633
644
678
691
687
