719
1338
1973
2579
3214
3833
4459
5094
5734
6371
6995
7616
8246
8870
9492
10114
10733
11369
11994
12615
13233
13854
14493
15127
15765
16391
17012
17649
18272
18910
19546
20167
20790
21429
22053
22694
23333
23969
24593
25227
25852
26491
27127
27767
28405
29030
29656
30285
30901
31508
32488
33385
33966
34627
35243
35857
36454
37060
37657
38244
38842
39439
40027
40624
41214
41806
42385
42961
43543
44139
44717
45303
45892
46479
47061
47644
48236
48824
49421
50008
50617
51218
51815
52416
53017
53619
54230
54839
55443
56057
56659
57167
57858
58459
59055
59657
