1048
1670
2287
2907
3545
4163
4785
5424
6044
6703
7325
7946
8566
9184
9823
10444
11064
11683
12321
12942
13563
14202
14821
15441
16082
16722
17341
17981
18603
19221
19860
20497
21119
21759
22377
23000
23657
24300
24920
25557
26197
26817
27457
28096
28737
29356
29977
30596
31236
31852
32856
33716
34396
34975
35565
36174
36775
37353
37993
38531
39235
39773
40355
40953
41533
42128
42710
43289
43934
44450
45033
45630
46189
46803
47389
47971
48530
49157
49747
50329
50929
51529
52127
52730
53351
53946
54514
55164
55770
56390
56969
57588
58188
58768
59312
59988
