689
1322
1929
2563
3205
3790
4428
5062
5703
6340
6965
7585
8243
8863
9481
10083
10705
11323
11959
12582
13204
13836
14461
15101
15721
16356
16982
17639
18241
18863
19535
20126
20759
21397
22024
22664
23299
23960
24559
25198
25834
26459
27096
27734
28360
28998
29634
30277
30860
31493
32477
33372
33954
34597
35213
35851
36432
37051
37613
38217
38833
39400
39997
40592
41189
41793
42370
42932
43515
44131
44690
45269
45853
46455
47031
47613
48208
48789
49392
49989
50587
51173
51784
52409
52986
53589
54182
54830
55408
56024
56625
57151
57831
58425
59017
59649
