748
1343
1990
2586
3230
3850
4489
5107
5763
6388
7024
7646
8265
8885
9507
10142
10742
11384
12023
12642
13245
13861
14524
15143
15782
16421
17024
17666
18301
18939
19561
20184
20821
21459
22057
22720
23359
23998
24617
25259
25857
26519
27154
27797
28436
29055
29657
30300
30919
31516
32501
33394
33980
34636
35255
35875
36472
37073
37670
38256
38853
39454
40054
40633
41232
41816
42399
42988
43553
44151
44732
45327
45910
46491
47091
47671
48252
48849
49433
50035
50633
51230
51833
52429
53028
53643
54248
54851
55473
56073
56686
57227
57871
58470
59070
59684
