809
1431
2052
2673
3295
3919
4548
5180
5817
6452
7082
7705
8327
8948
9573
10200
10824
11451
12076
12701
13322
13948
14581
15216
15846
16475
17102
17730
18360
18991
19622
20250
20879
21511
22145
22782
23417
24053
24679
25314
25944
26578
27213
27849
28488
29118
29744
30363
30983
31608
32615
33478
34102
34716
35329
35934
36539
37139
37754
38349
38924
39519
40114
40708
41297
41883
42467
43067
43649
44230
44799
45387
45973
46562
47146
47750
48336
48927
49503
50100
50701
51298
51897
52495
53118
53722
54308
54916
55526
56136
56743
57348
57947
58563
59157
59753
