656
1352
2063
2782
3514
4154
4978
5692
6431
7092
7830
8374
9158
9830
10562
11263
12072
12736
13421
14061
14851
15503
16223
17100
17886
18631
19339
20041
20769
21507
22300
23141
23825
24478
25167
25913
26562
27293
27906
28564
29214
29807
30544
31196
31876
32494
33040
33705
34309
34798
35556
36181
36779
37371
38045
38619
39252
39787
40432
40930
41590
42160
42709
43274
43828
44394
44892
45582
46181
46748
47390
47968
48828
49560
50230
50963
51527
52252
52946
53846
54441
55104
55905
56592
57220
57768
58387
59120
59802
