617
1318
2028
2745
3476
4118
4947
5654
6396
7066
7782
8319
9103
9793
10519
11162
11989
12700
13390
14031
14801
15482
16196
17069
17816
18597
19307
20000
20727
21490
22273
23105
23762
24448
25136
25879
26532
27266
27871
28535
29178
29754
30521
31139
31697
32441
33011
33678
34278
34717
35533
36157
36749
37338
38010
38588
39195
39689
40376
40890
41529
42105
42663
43219
43772
44374
44851
45524
46110
46712
47351
47945
48791
49531
50202
50927
51503
52226
52921
53782
54400
55079
55873
56565
57185
57701
58360
59092
59763
