748
1451
2160
2879
3612
4340
5071
5791
6509
7225
7924
8592
9259
9960
10690
11425
12156
12855
13550
14256
14974
15717
16481
17233
17984
18729
19471
20229
20991
21756
22522
23239
23922
24609
25296
26050
26771
27426
28041
28693
29340
29997
30689
31320
31972
32607
33228
33837
34440
35045
35667
36285
36904
37525
38136
38746
39347
39943
40528
41107
41684
42252
42813
43368
43920
44484
45071
45666
46255
46857
47500
48209
48940
49644
50352
51076
51779
52491
53196
53937
54663
55346
56022
56677
57316
57953
58596
59248
59914
