704
1408
2116
2836
3569
4296
5027
5747
6465
7181
7879
8548
9216
9916
10646
11382
12113
12812
13507
14212
14930
15674
16438
17190
17941
18686
19428
20186
20948
21713
22478
23196
23879
24566
25252
26007
26728
27385
28000
28650
29297
29954
30645
31277
31928
32564
33184
33793
34397
35002
35623
36242
36860
37482
38092
38702
39304
39899
40484
41062
41640
42208
42770
43325
43877
44441
45028
45623
46212
46815
47458
48166
48897
49601
50309
51033
51736
52448
53154
53894
54620
55304
55980
56634
57273
57910
58553
59205
59872
