796
1499
2208
2932
3653
4385
5117
5845
6563
7273
7984
8642
9307
10003
10735
11472
12200
12908
13602
14303
15021
15767
16532
17285
18031
18778
19518
20276
21037
21803
22570
23291
23970
24658
25344
26099
26821
27481
28100
28746
29396
30047
30739
31379
32022
32659
33277
33886
34488
35096
35710
36336
36953
37575
38184
38792
39396
39993
40573
41157
41728
42304
42863
43417
43967
44535
45119
45714
46303
46906
47547
48255
48985
49690
50397
51125
51825
52536
53244
53999
54722
55395
56068
56728
57361
58000
58642
59298
59958
