855
1590
2284
2997
3765
4488
5224
5974
6743
7444
8174
8901
9643
10355
11065
11788
12534
13247
13933
14656
15364
16065
16776
17457
18144
18846
19559
20280
20997
21763
22479
23371
23963
24685
25364
26054
26750
27438
28167
28895
29644
30374
31021
31710
32347
32975
33631
34215
34852
35495
36152
36825
37500
38167
38827
39517
40174
40865
41532
42228
42913
43586
44258
44931
45595
46280
46922
47593
48274
48942
49625
50299
50977
51670
52339
53005
53700
54381
55076
55768
56477
57160
57896
58573
59285
59991
nan
