524
1285
2066
2791
3464
4279
5027
5783
6549
7228
7970
8708
9428
10164
10865
11593
12306
13025
13740
14458
15217
15862
16452
17176
17954
18650
19345
20077
20804
21545
22268
23038
23695
24487
25068
25859
26546
27248
27876
28688
29440
30126
30862
31526
32166
32816
33352
34075
34654
35302
35937
36616
37301
37954
38638
39320
39974
40535
41364
41905
42708
43431
44064
44734
45397
46069
46715
47396
48001
48783
49439
50101
50785
51417
52150
52711
53482
54184
54861
55590
56298
56975
57698
58381
59085
59764
60485
