819
1524
2225
2950
3696
4451
5183
5937
6682
7395
8128
8867
9588
10298
11016
11747
12479
13186
13902
14618
15323
16022
16728
17422
18109
18806
19521
20229
20960
21703
22443
23199
23926
24610
25320
26015
26702
27404
28131
28860
29600
30354
31013
31677
32302
32931
33560
34181
34808
35454
36099
36769
37450
38121
38789
39470
40133
40811
41495
42185
42869
43546
44222
44896
45558
46226
46889
47554
48230
48910
49587
50262
50936
51615
52293
52970
53655
54341
55027
55723
56428
57126
57829
58535
59240
59942
60649
