1098
2006
2851
3725
4682
5631
6507
7121
7967
8950
10020
11002
11913
12773
13634
14368
15427
16358
17288
18160
19295
20264
21203
22018
23203
24063
24992
25911
26767
27514
28590
29600
30581
31294
32158
33124
33911
34396
35077
35930
36412
37085
37934
38381
39182
39736
40433
40955
41714
42334
42988
43547
44549
45159
45943
47024
47689
48541
49531
50183
50890
51711
52398
53124
53823
54686
55411
56290
56856
57865
58539
59274
60271
61085
