1554
2478
3307
4175
5139
6087
6956
7772
8584
9494
10476
11466
12388
13218
14099
14959
15881
16810
17741
18730
19764
20726
21676
22654
23617
24521
25459
26365
27231
28110
29048
30069
31046
31964
32798
33607
34384
35071
35719
36391
37062
37740
38391
39036
39626
40311
40954
41577
42169
42801
43440
44188
44997
45793
46579
47452
48357
49207
49980
50790
51567
52307
53004
53634
54458
55250
56015
56749
57499
58341
59150
59908
60689
nan
