599
1350
1937
2784
3490
4244
4978
5614
6459
7200
7922
8502
9424
10198
10973
11766
12535
13311
13962
14862
15525
16404
17065
17908
18673
19456
20207
20977
21751
22518
23279
24025
24803
25549
26303
26988
27832
28592
29374
30174
30811
31436
32508
33257
34035
34713
35552
36116
37012
37744
38496
39209
39942
40686
41391
42119
42844
43364
44073
44815
45665
46167
47036
47721
48415
49113
49823
50539
51258
51978
52694
53417
54131
54855
55568
56284
56996
57704
58421
59143
59879
60567
