655
1380
2104
2829
3560
4297
5027
5762
6493
7223
7965
8713
9480
10249
11024
11807
12587
13355
14133
14905
15671
16437
17197
17957
18731
19495
20258
21029
21793
22554
23321
24078
24840
25597
26354
27108
27867
28637
29411
30200
30997
31550
32546
33325
34085
34840
35583
36320
37061
37793
38528
39260
39988
40721
41443
42166
42887
43599
44306
45009
45705
46392
47076
47765
48456
49156
49861
50573
51291
52010
52738
53457
54175
54890
55604
56318
57035
57751
58466
59183
59896
60608
