781
1619
2362
3206
4054
4926
5742
6569
7428
8279
9048
9855
10699
11514
12317
13178
14039
14796
15520
16298
17119
17929
18704
19536
20459
21336
22132
22962
23835
24604
25376
26187
27022
27769
28556
29341
30062
30869
31619
32324
33020
33722
34375
35016
35664
36317
36976
37601
38224
38834
39459
40058
40652
41273
41870
42495
43124
43739
44397
45070
45757
46412
47057
47756
48450
49108
49754
50437
51145
51904
52603
53252
53918
54580
55243
55877
56501
57136
57787
58421
59044
59664
60308
