875
1635
2467
3282
4102
5003
5857
6659
7508
8392
9054
9920
10794
11571
12323
13288
14045
14799
15618
16298
17213
18015
18706
19595
20543
21417
22231
23056
23928
24693
25412
26291
27131
27855
28666
29432
30172
30975
31705
32460
33022
33730
34381
35096
35673
36329
37096
37721
38229
38986
39577
40115
40768
41271
42012
42637
43200
43754
44541
45076
45895
46556
47213
47757
48451
49257
49853
50440
51158
52035
52608
53254
54020
54600
55382
56018
56643
57158
57817
58559
59046
59782
nan
