844	856	866	935	918	954	995	1148	1147	1231	1348	512	408	704	441	565
1708	1721	1725	1784	1766	1803	1856	1849	2019	2081	2188	514	403	697	470	565
2506	2519	2530	2607	2591	2626	2653	2805	2832	2908	2970	512	399	686	460	555
3127	3137	3165	3418	3399	3436	3496	3485	3645	3716	3727	515	412	703	474	556
4164	4174	4185	4256	4238	4274	4335	4463	4482	4554	4667	515	416	703	455	568
5005	5019	5032	5101	5081	5120	5198	5308	5333	5398	5467	522	414	715	456	574
5822	5853	5865	5931	5915	5951	5994	6143	6164	6228	6333	513	401	698	448	573
6663	6672	6686	6752	6735	6771	6814	6962	6961	7049	7147	515	393	690	446	569
7286	7292	7306	7551	7534	7569	7614	7747	7783	7847	7925	513	390	686	448	563
8228	8240	8249	8326	8309	8344	8392	8527	8527	8628	8705	515	396	689	462	560
8806	8811	8824	9082	9064	9099	9128	9286	9308	9385	9486	518	397	684	461	555
9563	9567	9583	9849	9832	9868	9912	9923	10061	10149	10205	516	406	691	472	564
10326	10332	10343	10615	10596	10633	10694	10807	10844	10909	10927	516	400	689	456	570
11360	11371	11383	11426	11410	11445	11490	11640	11659	11725	11826	516	404	692	454	567
12203	12211	12224	12293	12276	12312	12371	12363	12526	12593	12666	510	402	692	475	571
12865	12874	12883	13146	13129	13164	13211	13345	13380	13443	13545	510	394	677	459	572
13685	13687	13701	13969	13952	13987	14035	14183	14201	14265	14361	511	391	683	454	573
14695	14709	14719	14787	14771	14806	14851	15003	15079	15089	15163	508	394	685	461	567
15284	15291	15302	15574	15555	15592	15651	15776	15802	15880	15962	515	403	688	460	561
16282	16295	16301	16379	16357	16394	16451	16578	16607	16675	16803	517	408	688	456	568
16902	16908	16919	17159	17142	17178	17228	17363	17392	17460	17525	515	399	692	451	568
17739	17749	17797	17930	17912	17949	18009	18139	18141	18229	18241	518	391	683	448	569
18402	18407	18420	18692	18673	18710	18767	18899	18922	18990	19083	518	391	680	455	571
19182	19187	19199	19458	19441	19476	19527	19660	19690	19757	19842	514	391	681	453	571
19941	19948	19962	20228	20211	20247	20308	20422	20458	20529	20641	515	395	686	455	566
20865	20917	20959	21001	20986	21019	21047	21218	21300	21304	21321	515	405	688	456	553
21692	21724	21736	21802	21787	21822	21868	22012	22039	22098	22179	520	419	710	461	572
22399	22408	22418	22611	22592	22629	22687	22816	22844	22910	23040	514	391	677	448	567
23328	23344	23357	23421	23405	23439	23510	23635	23654	23719	23818	512	391	675	452	568
24130	24143	24156	24223	24206	24241	24285	24437	24435	24520	24580	517	387	672	446	563
24898	24916	24931	24999	24983	25017	25086	25201	25233	25296	25418	515	399	686	463	562
25658	25688	25700	25774	25757	25792	25849	25977	26003	26073	26176	511	394	677	460	566
26295	26302	26316	26571	26553	26590	26646	26779	26810	26872	26938	514	396	688	452	568
27276	27286	27298	27368	27351	27386	27445	27579	27602	27667	27757	515	392	676	452	569
27877	27886	27896	28161	28144	28179	28223	28373	28373	28460	28595	513	383	664	450	567
28875	28888	28897	28942	28925	28961	29005	29152	29179	29239	29373	512	393	680	459	571
29434	29441	29453	29686	29667	29703	29785	29894	29895	29988	30076	512	392	670	462	563
30136	30141	30155	30428	30410	30446	30508	30634	30658	30725	30736	520	403	690	452	568
30895	30901	30915	31157	31139	31170	31222	31276	31276	31293	31328	535	372	588	415	426
31599	31609	31695	31842	31826	31855	31901	31892	32122	32142	32153	590	462	691	479	529
32253	32267	32277	32514	32496	32529	32557	32536	32714	32814	32834	525	340	608	577	579
32897	32899	32912	33155	33137	33170	33199	33353	33372	33454	33474	551	380	659	454	559
33516	33520	33534	33806	33785	33820	33861	34011	34013	34096	34115	540	378	649	446	583
34174	34180	34193	34467	34446	34481	34520	34671	34750	34760	34774	545	368	625	444	579
34875	34878	34892	35164	35144	35179	35219	35185	35452	35457	35473	526	353	605	589	573
35613	35620	35632	35894	35876	35909	35960	36109	36110	36183	36193	515	362	630	446	549
36529	36540	36551	36623	36601	36638	36698	36829	36829	36922	36931	546	388	673	441	574
37211	37220	37234	37375	37359	37393	37437	37571	37591	37672	37694	528	383	667	461	588
37874	37879	37891	38168	38147	38182	38221	38189	38372	38463	38472	527	342	610	584	576
38868	38878	38889	38956	38938	38971	39017	38977	39186	39254	39274	513	352	616	602	570
39433	39438	39449	39713	39697	39730	39759	39911	39931	40013	40033	510	360	652	461	577
40171	40180	40191	40458	40439	40475	40518	40669	40749	40758	40812	524	375	662	462	589
40913	40919	40930	41206	41185	41221	41259	41412	41427	41502	41510	529	378	681	440	575
41652	41658	41670	41931	41914	41947	41997	42133	42150	42228	42252	519	350	645	440	568
42371	42379	42389	42658	42639	42673	42716	42728	42950	42955	42972	521	342	639	475	573
43270	43282	43290	43369	43348	43384	43437	43569	43585	43665	43670	515	354	662	460	577
43812	43817	43830	44091	44073	44107	44158	44289	44309	44388	44412	523	354	649	457	577
44532	44538	44549	44829	44810	44844	44896	45029	45046	45125	45130	528	351	642	446	574
45311	45317	45329	45598	45580	45615	45658	45669	45888	45896	45912	515	348	625	482	575
46150	46158	46168	46402	46382	46425	46456	46607	46609	46696	46733	517	335	611	447	575
47108	47118	47128	47200	47180	47216	47257	47407	47486	47499	47509	517	360	655	462	577
47869	47878	47887	47963	47941	47978	48039	48167	48248	48262	48269	518	371	670	452	576
48469	48478	48488	48742	48721	48757	48796	48807	49028	49039	49049	518	346	628	483	586
49429	49438	49447	49498	49478	49513	49554	49567	49789	49795	49810	520	355	626	487	578
49949	49956	49966	50246	50227	50261	50315	50267	50465	50542	50549	520	335	623	607	575
50885	50895	50906	50972	50956	50990	51018	51168	51266	51273	51288	515	355	644	448	578
51429	51434	51446	51706	51688	51722	51775	51764	51925	52002	52007	524	372	680	504	578
52129	52135	52145	52424	52406	52440	52496	52626	52642	52721	52727	534	353	662	438	563
52847	52856	52866	53134	53115	53150	53195	53325	53426	53431	53489	526	339	635	455	573
53569	53574	53585	53860	53839	53875	53933	54065	54143	54159	54166	514	352	647	453	570
54347	54356	54364	54630	54615	54649	54693	54705	54925	54930	54946	526	368	666	481	577
55127	55134	55145	55406	55390	55423	55473	55485	55624	55705	55747	519	351	643	476	567
55886	55892	55903	56170	56154	56188	56232	56245	56400	56468	56487	513	344	638	480	576
56626	56632	56644	56904	56887	56921	56972	57103	57123	57204	57227	525	349	647	459	567
57365	57373	57384	57643	57627	57660	57713	57842	57863	57941	57968	526	357	665	457	570
58066	58072	58083	58358	58338	58373	58411	58562	58643	58651	58665	529	344	658	453	576
58766	58769	58783	59057	59037	59072	59110	59143	59341	59350	59366	527	327	639	476	575
59465	59469	59481	59741	59724	59757	59811	59941	59957	60037	60044	526	354	667	457	567
60146	60150	60163	60429	60411	60446	60491	60623	60642	60724	60744	524	351	649	457	565
