456
1161
1860
2577
3270
3956
4666
5401
6195
7003
7780
8571
9354
10079
10867
11589
12322
13138
13894
14622
15439
16245
16966
17731
18537
19281
20008
20786
21563
22314
23109
23929
24712
25491
26306
27100
27876
28691
29470
30211
31024
31762
32502
33256
34005
34766
35512
36200
36922
37611
38289
38963
39617
40259
40907
41558
42220
42905
43610
44356
45079
45837
46616
47365
48133
48890
49619
50333
51049
51767
52465
53148
53845
54546
55280
55988
56712
57462
58227
58934
59673
60409
