nan
941
1712
2334
3125
3809
4396
5190
6051
6722
7474
8288
9076
9930
10602
11287
12040
12887
13623
14403
15277
16102
16693
17460
18284
19033
19751
20503
21290
22008
22827
23647
24425
25189
26161
26801
27590
28457
29173
30061
30731
31520
32258
32952
33718
34557
35370
35990
36685
37328
38042
38726
39352
40117
40800
41308
41922
42598
43511
44158
44886
45625
46364
47114
47895
48644
49475
50203
50772
51563
52329
52932
53626
54406
55014
55799
56418
57373
57964
58747
59396
60113
