nan	165	204	427	411	456	572	516	622	694	708	519	395	921	415	531
941	951	960	1133	1117	1161	1273	1213	1305	1406	1427	520	401	926	410	524
1712	1741	1758	1831	1815	1860	1952	1916	2025	2101	2126	518	412	927	414	522
2334	2343	2354	2548	2532	2577	2693	2635	2745	2816	2829	520	405	914	405	516
3125	3142	3153	3241	3225	3270	3382	3320	3409	3507	3526	513	414	887	424	516
3809	3824	3833	3927	3911	3956	4081	4018	4117	4190	4215	518	404	921	421	521
4396	4411	4436	4637	4622	4666	4779	4724	4724	4907	4940	515	407	949	407	521
5190	5200	5206	5372	5356	5401	5534	5451	5564	5644	5679	516	408	942	408	511
6051	6065	6074	6165	6150	6195	6298	6252	6253	6450	6469	511	410	940	409	519
6722	6726	6737	6975	6959	7003	7129	7056	7173	7238	7270	518	401	944	417	525
7474	7504	7512	7752	7735	7780	7900	7837	8038	8047	8078	518	401	976	403	523
8288	8299	8321	8542	8527	8571	8684	8633	8754	8819	8836	517	405	971	400	523
9076	9083	9107	9326	9309	9354	9465	9408	9535	9592	9626	516	403	932	413	521
9930	9948	9973	10050	10035	10079	10194	10134	10258	10327	10364	517	404	969	409	525
10602	10609	10617	10838	10822	10867	10993	10919	11079	11112	11144	521	406	953	398	526
11287	11310	11351	11560	11544	11589	11696	11644	11765	11820	11850	513	400	931	418	524
12040	12078	12091	12293	12278	12322	12422	12374	12467	12568	12589	513	399	958	405	524
12887	12900	12910	13109	13094	13138	nan	13191	nan	nan	nan	517	410	957	403	568
13623	13633	13643	13866	13850	13894	13988	13961	14194	14211	14235	523	397	967	408	523
14403	14422	14445	14593	14578	14622	14768	14675	14795	14861	14896	588	364	938	391	543
15277	15316	15322	15411	15397	15439	15504	15487	15627	15649	15664	527	446	977	402	526
16102	16117	16131	16216	16200	16245	nan	16313	nan	nan	nan	510	405	950	406	527
16693	16703	16721	16938	16922	16966	17062	17017	17142	17211	17239	522	394	963	411	516
17460	17471	17493	17702	17686	17731	17837	17786	17904	17983	18017	512	398	979	397	522
18284	18287	18301	18508	18492	18537	nan	18587	nan	nan	nan	515	403	973	398	522
19033	19043	19052	19253	19237	19281	19422	19331	19340	19526	19544	517	396	940	412	521
19751	19760	19787	19980	19964	20008	20094	20061	20067	20257	20290	514	396	968	406	522
20503	20512	20524	20757	20741	20786	20901	20844	20962	21044	21064	518	406	979	397	525
21290	21294	21305	21534	21518	21563	21664	21620	21709	21815	21828	518	405	954	405	521
22008	22020	22032	22286	22270	22314	22550	22374	22493	22556	22570	520	396	957	407	513
22827	22836	22845	23079	23063	23109	23232	23162	23281	23359	23396	515	402	976	396	521
23647	23656	23668	23900	23883	23929	24037	23982	24107	24180	24186	514	412	959	404	525
24425	24432	24443	24684	24668	24712	24867	24769	24917	24955	24982	519	394	949	414	520
25189	25202	25238	25462	25447	25491	25619	25547	25671	25748	25772	513	398	978	403	525
26161	26177	26188	26277	26261	26306	26421	26359	26564	26586	26611	512	401	974	395	520
26801	26817	26853	27072	27056	27100	27209	27160	27276	27343	27366	519	398	954	412	553
27590	27608	27625	27847	27831	27876	27990	27929	28052	28128	28157	514	396	980	397	518
28457	28470	28475	28662	28647	28691	nan	28745	nan	nan	nan	516	405	969	396	503
29173	29187	29201	29441	29426	29470	29623	29524	29634	29715	29728	520	393	960	407	547
30061	30092	30118	30182	30167	30211	30333	30263	30545	30559	30578	517	400	988	398	527
30731	30749	30765	30995	30980	31024	31090	31080	31198	31254	31283	547	418	873	436	515
31520	31532	31582	31733	31718	31762	31862	31814	32044	32084	32098	522	395	948	409	527
32258	32277	32301	32475	32458	32502	32562	32552	32800	32819	32841	536	395	1021	387	513
32952	32973	33032	33227	33211	33256	33379	33307	33430	33500	33518	571	408	989	407	543
33718	33723	33745	33976	33961	34005	34117	34059	34186	34254	34271	515	391	986	396	541
34557	34569	34583	34737	34721	34766	34848	34817	34927	35024	35031	525	403	1022	409	525
35370	35405	35431	35484	35468	35512	35584	35571	35688	35768	35798	537	410	958	404	587
35990	36004	36011	36172	36156	36200	nan	36263	nan	nan	nan	516	383	981	403	504
36685	36697	36775	36893	36877	36922	36998	36972	37143	37166	37191	529	396	1021	400	559
37328	37351	37372	37582	37567	37611	37666	37656	37861	37876	37889	551	389	982	399	511
38042	38056	38070	38260	38245	38289	38371	38341	38571	38587	38622	537	417	949	409	540
38726	38738	38753	38934	38918	38963	39036	39017	39217	39259	39270	509	410	946	405	519
39352	39404	39415	39589	39574	39617	39675	39688	39836	39864	39893	606	439	968	414	521
40117	40134	40145	40231	40216	40259	nan	40309	nan	nan	nan	518	395	1008	393	565
40800	40820	40841	40879	40863	40907	41019	40956	41175	41184	41203	547	428	1022	420	531
41308	41319	41330	41530	41515	41558	41641	41619	41836	41845	41874	526	391	936	395	524
41922	41934	41946	42196	42181	42220	42244	42225	42497	42522	42559	498	367	859	801	517
42598	42645	42708	42877	42861	42905	42960	42972	43079	43150	43175	538	409	1014	411	579
43511	43521	43531	43582	43566	43610	43743	43663	43828	43857	43865	507	400	956	408	538
44158	44175	44202	44325	44309	44356	44381	44442	44619	44641	44671	527	169	875	447	520
44886	44897	44934	45051	45035	45079	45192	45133	45259	45326	45359	523	401	1021	410	556
45625	45643	45690	45809	45793	45837	45903	45885	46127	46142	46156	513	399	1003	391	519
46364	46380	46411	46588	46573	46616	46701	46677	46828	46882	46908	563	402	988	418	485
47114	47125	47149	47337	47322	47365	47469	47421	47543	47613	47634	520	401	1022	397	515
47895	47906	47947	48105	48090	48133	48246	48187	48403	48417	48433	594	431	992	406	546
48644	48661	48671	48862	48847	48890	48985	48952	49127	49150	49191	515	394	937	408	533
49475	49500	49517	49591	49576	49619	49759	49670	49802	49878	49901	520	393	1021	416	532
50203	50219	50232	50305	50290	50333	50398	50381	50565	50578	50605	550	393	889	406	524
50772	50783	50788	51020	51004	51049	51164	51105	51274	51283	51316	478	380	758	389	522
51563	51582	51593	51740	51723	51767	51827	51816	52007	52013	52034	510	428	813	432	526
52329	52350	52359	52446	52421	52465	52512	52526	52707	52738	52756	544	376	898	400	524
52932	52972	52985	53120	53104	53148	53265	53203	53421	53445	53461	526	399	1022	402	522
53626	53639	53656	53816	53801	53845	53957	53893	54111	54153	54201	523	400	1022	389	571
54406	54421	54436	54518	54502	54546	nan	54599	nan	nan	nan	520	406	952	414	520
55014	55027	55055	55252	55236	55280	55371	55330	55473	55531	55548	527	396	966	407	526
