nan	156	180	355	339	381	478	431	563	607	650	523	474	701	466	525
1006	1027	1079	1129	1112	1155	1202	1195	1335	1368	1373	523	471	717	463	516
1684	1697	1716	1975	1959	2001	2059	2041	2371	2391	2412	514	465	710	453	509
2596	2606	2626	2837	2820	2863	2961	2908	2908	3086	3112	519	469	715	461	522
3539	3547	3563	3630	3614	3656	3723	3698	3896	3902	3929	522	470	716	455	517
4202	4219	4232	4512	4495	4538	4625	4578	4772	4794	4843	516	461	711	452	512
5351	5377	5410	5482	5465	5507	5574	5554	5731	5751	5771	513	467	716	456	513
6307	6331	6344	6435	6419	6461	6539	6509	6690	6695	6711	520	476	724	454	521
7007	7023	7048	7285	7268	7311	7436	7354	7539	7553	7560	520	466	713	457	518
8036	8053	8071	8160	8143	8185	8279	8231	8408	8446	8455	516	473	719	457	515
8915	8951	8991	9049	9032	9076	9144	9118	9311	9324	9356	521	469	712	451	511
9812	9822	9841	9906	9890	9932	10002	9972	10124	10159	10170	520	471	713	461	518
10391	10402	10426	10695	10680	10721	10844	10765	10916	10969	11004	519	465	708	454	512
11422	11435	11444	11529	11512	11554	11663	11596	11807	11824	11846	515	472	722	457	515
12230	12263	12276	12364	12348	12391	12449	12434	12609	12632	12686	517	477	724	463	516
12850	12866	12882	13142	13126	13168	13237	13216	13398	13406	13440	519	465	705	455	514
13699	13712	13725	14000	13984	14027	14180	14067	14238	14283	14289	517	466	722	454	514
14647	14671	14692	14909	14892	14934	15006	14970	15273	15285	15301	515	465	721	459	516
15654	15680	15716	15781	15765	15807	15914	15852	16028	16053	16082	519	463	703	455	514
16524	16550	16566	16653	16635	16679	16802	16726	17015	17028	17037	517	469	724	455	515
17442	17465	17478	17573	17556	17599	17726	17643	17915	17938	17949	517	467	720	454	513
18374	18393	18410	18497	18482	18524	18613	18569	18732	18759	18807	518	473	724	459	518
19184	19215	19241	19314	19297	19340	19413	19386	19539	19575	19599	517	465	714	458	512
20034	20074	20168	20169	20152	20195	20264	20235	20383	20437	20451	517	474	723	457	514
20703	20719	20735	20999	20984	21026	21121	21070	21267	21275	21296	518	466	713	454	519
21641	21661	21671	21770	21754	21796	21867	21839	22001	22021	22032	524	475	713	469	525
22324	22337	22354	22588	22570	22613	22735	22654	22790	22858	22923	523	468	727	457	510
23226	23241	23249	23441	23423	23467	23562	23511	23816	23824	23858	505	458	708	442	511
24029	24038	24052	24299	24282	24325	24412	24367	24548	24563	24586	514	463	705	452	512
25064	25087	25101	25190	25174	25216	25302	25258	25511	25542	25548	518	471	733	457	515
25965	25990	26002	26093	26077	26120	nan	26173	nan	nan	nan	519	465	716	451	514
26827	26851	26868	26956	26940	26982	27063	27022	27211	27217	27237	517	473	711	463	507
27483	27496	27509	27719	27703	27746	27883	27789	27967	27990	28006	519	473	709	456	521
28314	28331	28342	28450	28433	28475	28563	28516	28690	28707	28760	524	475	713	468	512
29036	29086	29116	29175	29159	29201	29280	29246	29568	29577	29592	520	469	712	459	483
29804	29923	29982	29987	29965	30009	30058	30110	30215	30231	30244	618	559	775	465	510
30610	30619	30628	30729	30711	30755	30826	30809	30987	30994	31037	505	458	704	461	538
31346	31365	31373	31472	31455	31498	31569	31543	31697	31739	31753	550	493	721	496	485
31933	31942	31956	32203	32184	32228	32344	32275	32390	32405	32413	519	465	706	457	516
32691	32701	32711	32946	32927	32972	nan	33011	nan	nan	nan	501	448	699	443	521
33618	33628	33658	33716	33699	33741	nan	33791	nan	nan	nan	511	460	702	447	519
34296	34338	34344	34444	34426	34469	34535	34522	34721	34735	34748	517	460	692	464	514
35025	35045	35055	35154	35136	35177	35221	35228	35489	35501	35512	528	474	707	468	517
35744	35758	35768	35878	35860	35904	35978	35946	36234	36253	36268	528	469	708	467	523
36413	36425	36471	36626	36608	36652	36726	36692	36949	36962	36971	528	465	705	458	514
37248	37277	37291	37385	37368	37410	37519	37461	37611	37638	37667	517	468	709	467	512
38023	38035	38050	38118	38101	38142	38198	38188	38368	38377	38417	519	471	696	468	503
38546	38554	38566	38835	38818	38860	38939	38907	39168	39189	39207	514	463	709	456	516
39490	39500	39531	39588	39571	39614	39678	39660	39883	39888	39906	516	465	709	457	514
40288	40297	40304	40392	40376	40418	40479	40459	40609	40630	40644	515	470	713	464	511
41084	41094	41111	41180	41163	41205	41276	41249	41544	41555	41567	519	468	707	464	511
41829	41856	41887	41959	41941	41983	42096	42024	42205	42214	42231	517	463	701	459	512
42584	42614	42625	42724	42705	42748	42875	42789	43004	43024	43043	520	467	714	457	513
43267	43294	43311	43510	43495	43536	nan	43580	nan	nan	nan	517	467	715	457	512
44220	44236	44246	44343	44327	44369	44555	44407	44607	44623	44645	521	466	711	460	521
45009	45039	45060	45148	45132	45174	45236	45217	45406	45426	45463	519	463	704	462	506
45862	45876	45887	45985	45969	46011	46076	46057	46284	46316	46325	519	463	719	460	510
46725	46755	46765	46863	46847	46888	46958	46930	47172	47206	47222	518	467	714	458	515
47584	47606	47622	47711	47695	47737	47798	47781	48042	48068	48082	518	472	713	466	519
48245	48253	48267	48541	48522	48564	48672	48603	48800	48806	48828	523	462	699	463	513
49187	49215	49226	49320	49303	49345	49417	49384	49602	49614	49638	513	463	710	459	512
49997	50024	50037	50127	50111	50152	50230	50195	50482	50490	50503	517	465	711	460	516
50802	50829	50840	50935	50917	50960	51020	51004	51285	51314	51322	516	467	710	460	518
51442	51448	51462	51746	51731	51771	51816	51826	51922	51997	52003	515	466	711	461	511
52422	52435	52459	52526	52509	52551	52614	52592	52783	52794	52805	518	466	714	463	519
53204	53232	53241	53339	53320	53363	53435	53404	53682	53690	53704	516	466	716	460	513
54020	54040	54054	54152	54134	54176	54254	54220	54524	54531	54560	516	468	710	456	510
54843	54870	54881	54982	54966	55007	55053	55047	55239	55248	55260	522	462	706	460	510
55678	55688	55699	55791	55772	55814	55931	55864	56061	56074	56082	517	469	713	465	515
