339
1112
1959
2820
3614
4495
5465
6419
7268
8143
9032
9890
10680
11512
12348
13126
13984
14892
15765
16635
17556
18482
19297
20152
20984
21754
22570
23423
24282
25174
26077
26940
27703
28433
29159
29965
30711
31455
32184
32927
33699
34426
35136
35860
36608
37368
38101
38818
39571
40376
41163
41941
42705
43495
44327
45132
45969
46847
47695
48522
49303
50111
50917
51731
52509
53320
54134
54966
55772
56593
57397
58190
58973
59759
