1179
2003
2370
3199
3828
nan
5199
5874
6779
7277
8013
8624
9408
10205
nan
11469
nan
13079
13619
14297
nan
nan
nan
nan
nan
18969
19580
20257
nan
21563
22424
nan
nan
24322
25266
nan
nan
27477
28214
nan
29630
nan
nan
31957
32658
nan
33899
34669
35468
nan
nan
nan
nan
38858
39526
40046
40854
nan
nan
nan
nan
44041
44678
45248
45768
46443
47240
nan
48340
nan
49778
50415
51075
51739
52338
52943
53604
nan
54882
55369
nan
56754
57379
58018
58512
59273
nan
60475
60937
nan
