427
1024
1568
2190
nan
3299
3877
4395
4943
5537
6212
6712
7296
7900
8608
9252
9873
10402
11119
11618
12209
12793
13347
13973
14458
15020
15598
16157
16724
17421
17923
18481
19081
19763
20329
20804
21324
21964
22438
23018
23554
24121
24710
25365
25958
26444
27046
27643
28205
28794
29418
29978
30601
31171
31738
32312
32960
33523
34072
34625
35173
35714
36262
36776
37234
37829
38344
38778
39323
39892
40405
40924
41426
41935
42447
42859
43380
43906
44483
44937
45389
45918
46522
47029
47541
48052
48503
49105
49635
50033
50667
51182
51634
52141
52682
53176
53828
54375
54923
55351
55933
56536
57069
57612
58126
58551
59076
59721
60271
60731
61354
