645
1193
1733
2285
2836
3400
3979
4575
5162
5739
6314
6895
7485
8086
8711
9351
9975
10599
11221
11833
12416
12976
13527
14073
14623
15189
15769
16344
16934
17519
18110
18700
19282
19857
20421
20969
21515
22063
22619
23188
23756
24324
24890
25468
26059
26652
27240
27828
28415
29005
29600
30195
30780
31349
31921
32497
33061
33619
34172
34728
35274
35816
36353
36878
37399
37925
38447
38964
39478
39990
40502
41014
41520
42029
42542
43057
43565
44068
44577
45092
45605
46112
46615
47123
47636
48148
48671
49199
49728
50246
50761
51276
51797
52324
52855
53384
53925
54472
55019
55560
56095
56631
57167
57698
58222
58746
59277
59817
60366
60912
61451
