690
1239
1778
2328
2879
3444
4023
4621
5210
5788
6358
6938
7528
8129
8764
9395
10021
10648
11265
11876
12464
13022
13571
14119
14670
15236
15817
16390
16977
17564
18155
18746
19329
19903
20463
21015
21561
22108
22663
23231
23805
24374
24936
25513
26101
26700
27287
27873
28460
29051
29644
30239
30932
31395
31965
32647
33107
33668
34217
34773
35321
35863
36397
36922
37445
37967
38493
39009
39521
40035
40547
41056
41567
42071
42586
43105
43614
44217
44623
45136
45653
46158
46667
47167
47681
48195
48715
49245
49771
50292
50805
51322
51841
52368
52899
53429
53971
54514
55062
55606
56248
56675
57312
57741
58267
58788
59322
59861
60409
60960
nan
