555
412
370
421
389
395
385
396
550
533
402
402
390
398
382
404
396
386
398
399
410
399
390
389
393
386
555
395
355
395
405
575
386
373
398
574
386
389
390
395
403
395
391
368
413
417
392
389
385
401
396
394
383
399
407
388
426
399
401
394
378
372
395
402
370
408
560
398
412
555
393
396
388
394
376
411
421
388
383
569
397
390
387
555
399
410
398
553
405
398
397
422
400
551
406
385
561
557
556
401
382
578
567
539
552
391
554
558
417
536
