634
1383
2166
2939
3692
4470
5260
6006
6804
7607
8354
9161
9988
10737
11520
12350
13196
13987
14805
15621
16374
17175
17966
18716
19473
20256
21057
21827
22581
23333
24058
24811
25580
26306
27053
27833
28583
29330
30119
30936
31722
32555
33351
34118
34895
35537
36296
36987
37674
38329
38956
39576
40204
40846
41503
42172
42828
43477
44130
44791
45442
46088
46746
47424
48101
48782
49479
50196
50894
51608
52336
53018
53708
54402
55097
55764
56449
57137
57804
58482
59173
59867
60553
