907
1610
2312
2965
3645
4308
4972
5649
6331
7010
7673
8312
8935
9551
10174
10830
11521
12240
13017
13781
14568
15331
16106
16887
17629
18366
19088
19786
20485
21148
21790
22443
23141
23921
24725
25485
26257
27046
27832
28613
29374
30149
30965
31810
32631
33470
34352
35286
36215
37117
37990
38860
39753
40612
41431
42273
43159
44078
44932
45773
46637
47524
48396
49260
50157
51033
51878
52681
53481
54324
55206
56083
56954
57777
58537
