679
1399
2100
2757
3439
4119
4699
5379
6078
6758
7458
8039
8758
9378
9918
10558
11258
11978
12758
13665
14299
15059
15839
16619
17399
18118
18838
19537
20240
20960
21599
22240
22900
23661
24461
25221
26002
26782
27561
28342
29102
29883
30703
31720
32363
33203
34104
35203
36122
37024
37924
38785
39486
40346
41166
42007
43066
44006
44668
45508
46388
47268
48306
49167
49910
50790
51629
52411
53211
54051
55132
55817
56871
57573
58273
