1009
1785
2662
3388
4162
4926
5694
6440
7293
8052
8817
9578
10303
10943
11909
12680
13425
14201
15009
15798
16782
17657
18512
19320
20156
20981
21848
22330
23151
23927
24689
25481
26163
27059
27824
28663
29522
30278
31179
31821
32541
33112
33649
34253
35005
35680
36439
37251
38088
38689
39381
nan
40874
41626
nan
43094
43721
44528
45114
45824
46582
47376
48319
49165
50182
51106
51969
52810
53684
54436
55377
56217
57053
57742
58601
59488
60333
