1065
1866
2699
3462
4196
4986
5773
6581
7334
8090
8856
9609
10357
11156
11969
12748
13499
14282
15070
15898
16908
17738
18584
19408
20243
21066
21886
22539
23232
24012
24760
25574
26365
27141
27956
28751
29599
30380
31219
31845
32549
33146
33744
34319
35031
35708
36463
37303
38118
38744
39499
nan
40963
41674
nan
43185
43801
44572
45196
45910
46655
47455
48346
49188
50237
51157
52004
52846
53780
54572
55436
56237
57092
57853
58696
59523
60374
