915
1585
2389
3241
4221
5212
6159
7105
8032
8953
9908
10623
11499
12005
13110
13700
14494
15277
16096
17005
17799
18623
19549
20387
21218
22082
22825
23699
24523
25348
26140
26976
27806
28574
29502
30266
31149
31878
32776
33383
34096
34860
35548
36114
36820
37511
38145
38783
39415
40060
40668
41297
41909
42518
43130
43807
44452
45027
45879
46595
47388
48137
48903
49647
50371
51069
51765
52448
53130
53793
54484
55178
55944
56660
57420
58177
58940
59689
60413
61135
61841
62524
63204
