538
1217
1859
2974
4010
4940
5918
6870
7586
8482
9534
10293
11172
11777
12530
13252
14028
14819
15755
16600
17324
18128
19045
19886
20700
21579
22496
23221
24010
24941
25656
26421
27317
28180
28940
29767
30680
31503
32186
32988
33739
34353
35044
35747
36476
37033
37799
38507
39055
39652
40411
41033
41632
42264
42752
43496
43933
44624
45359
46174
46927
47686
48444
49237
49960
50671
51383
52079
52742
53416
54067
54927
55458
56217
57028
57782
58485
59221
59964
60752
61413
62251
62924
