1048
1979
2832
3678
4509
5310
6047
6845
7681
8451
9365
10242
11070
11907
12736
13546
14416
15229
16094
16918
17688
18375
19080
19730
20480
21308
22197
23108
23995
24899
25751
26582
27435
28270
29064
29841
30577
31347
32092
32972
33729
34507
35228
35935
36643
37363
38044
38751
39400
40024
40671
41308
41981
42590
43199
43850
44549
45298
46129
46898
47763
48569
49411
49735
50132
50947
51662
52441
53219
54019
54729
55595
56359
57123
57830
58609
59435
nan
