1030
1915
2800
3654
4490
5271
6056
6826
7642
8439
9312
10194
11050
11873
12694
13558
14394
15186
16037
16884
17656
18363
19051
19734
20440
21247
22164
23086
23975
24852
25702
26543
27384
28223
29033
29799
30588
31327
32082
32917
33715
34469
35204
35921
36620
37312
38014
38699
39374
40052
40703
41330
41955
42579
43188
43819
44507
45264
46086
46925
47733
48545
49352
49718
50159
50911
51649
52404
53176
53974
54755
55542
56327
57106
57855
58602
59371
60152
