217
1120
1815
2829
3485
4413
5111
6184
6822
7698
8470
9393
10078
11008
11732
12642
13353
14332
14947
15765
16539
17370
18162
19081
19796
20651
21452
22369
23081
23892
24691
25733
26368
27196
27948
28968
29665
30518
31290
32128
32804
33667
34355
35167
35778
36690
37530
38336
39127
39874
40790
41491
42397
43061
44037
44693
45553
46272
47310
48004
48763
49597
50596
51249
52150
52925
53930
54587
55473
56209
57184
57869
58790
59470
60380
