535
1454
2178
3139
3838
4786
5476
6502
7200
8068
8808
9793
10459
11350
12094
12971
13683
14658
15319
16113
16912
17695
18488
19407
20169
20972
21744
22786
23414
24261
25020
26030
26741
27545
28318
29346
30007
30885
31646
32492
33213
33960
34724
35499
36280
37065
37940
38661
39497
40239
41181
41859
42723
43432
44342
45072
45929
46684
47611
48330
49208
49992
50960
51628
52538
53235
54282
54945
55916
56561
57505
58206
59169
59829
nan
