345
1239
1988
2951
3646
4579
5295
6311
6986
7859
8605
9541
10258
11146
11887
12768
13487
14448
15129
15927
16689
17495
18279
19196
19920
20762
21538
22517
23209
24051
24822
25846
26520
27332
28118
29092
29810
30677
31458
32252
33009
33761
34528
35297
36076
36847
37672
38461
39296
40034
40933
41665
42507
43226
44176
44872
45708
46483
47430
48128
49010
49758
50736
51425
52303
53052
54055
54741
55629
56375
57300
58001
58900
59632
60542
