749
1578
2424
3263
4090
4939
5779
6608
7447
8280
9114
9954
10777
11605
12434
13251
14078
14924
15758
16581
17412
18224
19044
19879
20689
21511
22320
23128
23946
24742
25543
26358
27175
28012
28846
29668
30582
31340
32105
32937
33700
34461
35220
35960
36708
37459
38197
39027
39703
40486
41250
41956
42706
43533
44228
45038
45835
46519
47279
48101
48834
49609
50427
51177
51954
52731
53499
54262
55081
55795
56555
57366
58063
58820
59626
nan
