734
1564
2413
3247
4076
4928
5764
6594
7434
8265
9103
9942
10761
11591
12421
13235
14065
14911
15743
16568
17395
18210
19033
19864
20674
21500
22306
23116
23933
24728
25532
26343
27159
28000
28830
29653
30522
31321
32076
32911
33675
34447
35206
35939
36695
37443
38185
38946
39690
40438
41196
41942
42693
43459
44216
44979
45747
46505
47267
48042
48818
49595
50377
51162
51940
52718
53486
54250
55020
55781
56543
57299
58051
58809
59572
60337
