972
1765
2625
3429
4317
5121
5962
6819
7643
8463
9320
10146
10969
11840
12682
13416
14253
15123
15955
16820
17604
18454
19238
20097
20848
21686
22521
23332
24118
24941
25765
26508
27376
28214
29044
29839
30591
31388
32323
33193
33868
34669
35428
36138
36914
37641
38369
39188
39910
40628
41443
42158
42870
43673
44411
45235
46114
46725
47541
48303
49050
49861
50600
51373
52203
52920
53820
54458
55261
55948
56738
57556
58257
59050
59909
nan
