706
1541
2386
3221
4049
4902
5737
6567
7409
8236
9075
9916
10734
11565
12359
13208
14038
14883
15720
16542
17367
18183
19005
19837
20646
21473
22277
23090
23905
24699
25505
26316
27132
27972
28803
29626
30507
31295
32052
32881
33654
34419
35177
35910
36665
37414
38157
38920
39642
40411
41170
41914
42666
43434
44188
44952
45727
46480
47241
48014
48790
49567
50348
51135
51890
52689
53459
54224
54992
55754
56514
57271
58022
58782
59544
60301
