659
1425
2066
2739
3424
4242
4851
5500
6032
6684
7480
8587
9566
10483
11507
nan
13520
14445
15411
16237
17054
17774
18542
19218
20051
20798
21648
22477
23383
24260
25103
25909
26695
27438
28191
28941
29712
30503
31337
32003
32760
33469
34183
34880
35511
36188
36865
37506
38145
38760
39388
40001
40601
41192
41785
42361
42947
43524
44188
44725
45376
46066
46766
47469
48143
48812
49459
50149
50797
51445
52111
52829
53524
54240
54947
55650
56374
57072
57788
58541
59265
60022
60759
