548
1274
1961
2691
3385
4020
4636
5300
5946
6558
7364
8383
9356
10409
11405
nan
13428
14395
15263
16082
16900
17620
18381
19114
19859
20648
21502
22406
23288
24191
24999
25742
26601
27282
28117
28878
29615
30399
31121
31844
32590
33298
34044
34740
35425
36092
36767
37423
38083
38708
39236
39926
40513
41125
41669
42215
42877
43464
44001
44665
45279
45969
46661
47310
48043
48660
49376
50036
50669
51342
52050
52658
53430
54129
54891
55532
56272
56999
57733
58451
59116
59929
60667
