608
1410
2148
2908
3545
4392
5110
5886
6601
7344
7954
8689
9408
10302
11013
11765
12423
13157
13975
14743
15442
16101
16877
17678
18441
19166
19991
20750
21511
22175
23034
23715
24453
25154
25958
26571
27369
28075
28781
29595
30354
31076
31681
32420
33216
nan
34555
35354
35987
36648
37381
38076
38658
39432
40100
40719
41454
42095
42736
43353
44128
44792
45354
46018
46670
47439
48142
48829
49463
50168
50829
51507
52343
53080
53783
54424
55200
55846
56506
57105
57811
58487
59343
59960
60729
61493
62151
