777
1540
2307
3065
3803
4539
5279
6017
6752
7477
8203
8934
9682
10436
11177
11913
12649
13388
14133
14867
15609
16361
17117
17880
18641
19396
20154
20904
21645
22386
23129
23867
24593
25320
26050
26791
27534
28269
29007
29751
30499
31225
31928
32637
33340
34046
34751
35453
36153
36853
37545
38228
38905
39580
40260
40939
41613
42282
42951
43618
44284
44950
45621
46287
46945
47598
48263
48947
49649
50357
51070
51777
52476
53171
53874
54582
55289
55983
56666
57353
58055
58765
59478
60182
60882
61591
62314
