840
1619
2355
3132
3880
4605
5354
6100
6851
7555
8267
8993
9745
10546
11256
11967
12745
nan
14203
14953
15681
16447
17237
17987
18715
19512
20257
20953
21790
22446
23219
23957
24725
25383
nan
26872
27666
28343
29090
nan
30565
31332
32022
32718
33424
34125
34857
35536
36216
36908
37635
38298
39025
39644
40317
41016
41685
42360
43060
43691
44332
nan
45688
46351
47015
47662
48336
49034
nan
50450
51126
51900
52544
53247
53946
54667
55346
56045
56725
57424
58136
58837
59546
60236
60984
61665
62384
