266
873
1884
2663
nan
3460
4041
5124
5973
6829
7624
8232
9286
10137
11008
12032
12798
13318
13951
14761
15617
16482
17317
18173
19030
19871
20740
21594
22440
23315
24095
24918
25810
26717
27584
nan
29227
30016
30725
31470
32174
32880
33629
34057
35089
35751
36395
37050
37725
38384
39032
39634
40244
40854
41470
42090
42712
43322
43708
44501
45117
45801
46546
47268
47950
48591
49271
49954
50701
51420
52083
52769
53488
54238
55002
55712
56386
57064
57792
58546
59296
60042
60775
