374
1322
2083
2980
3702
4456
5456
6193
7037
7735
8583
9366
10075
10898
11667
12490
13394
14099
14799
15510
16279
17219
17956
18612
19550
20144
20903
21780
22628
23563
24596
25414
26220
27173
27882
28754
29611
30446
31271
32316
33211
34032
34774
35572
36584
37222
38029
38751
39606
40292
41290
41881
42603
43513
44264
44881
45826
46684
47481
48472
49141
50156
50972
51580
52567
53360
54222
54932
55744
56519
57402
58277
59138
60099
60798
61598
62419
63335
64252
64974
65917
66341
