360
1314
2074
2971
3690
4448
5445
6177
7021
7719
8574
9349
10064
10883
11646
12477
13378
14087
14782
15493
16266
17204
17946
18608
19534
20136
20886
21760
22623
23548
24577
25400
26208
27161
27864
28747
29602
30413
31245
32291
33201
34019
34740
35558
36562
37186
38006
38740
39566
40268
41265
41857
42592
43495
44235
44875
45812
46671
47469
48455
49120
50134
50954
51550
52550
53353
54210
54921
55731
56510
57373
58269
59125
60087
60787
61590
62405
63322
64239
64945
65899
66318
