618
1455
2320
3143
3919
4719
5541
6402
7215
8006
8781
9541
10308
11106
11910
12688
13446
14202
14958
15748
16528
17302
18085
18869
19632
20392
21161
21992
22857
23767
24688
25594
26450
27298
28146
28996
29814
30660
31532
32388
33246
34099
34952
35799
36656
37469
38249
39022
39784
40565
41344
42084
42822
43566
44344
45150
45966
46809
47666
48542
49403
50227
51019
51822
52665
53512
54304
55111
55939
56789
57648
58513
59364
60183
60974
61763
62574
63426
64327
65160
65977
66474
