1055
1805
2664
3492
4236
5034
5847
6835
7543
8382
9151
9914
10644
11436
12254
13038
13779
14533
15406
16065
16872
17629
18494
19203
19964
20827
21554
22369
23186
24105
24988
26044
26778
27642
28482
29327
30141
30952
31822
32722
33581
34251
35283
36117
36990
37792
38683
39342
40120
40838
41676
42442
43258
43899
44661
45524
46296
47134
47992
48956
49732
50568
51332
52174
53082
53814
54637
55411
56254
57205
57972
58854
59694
60530
61267
62166
62891
63747
64661
65581
66357
nan
