1027
1753
2639
3445
4214
5011
5840
6821
7503
8377
9143
9899
10618
11411
12232
12977
13744
14502
15354
16039
16825
17594
18483
19171
19930
20803
21540
22335
23157
24075
24976
26029
26753
27625
28443
29301
30110
30942
31800
32701
33538
34239
35251
36096
36971
37780
38663
39326
40099
40821
41648
42404
43250
43884
44642
45512
46269
47117
47966
48941
49703
50540
51317
52159
53055
53802
54614
55391
56243
57196
57959
58823
59670
60478
61259
62145
62879
63736
64625
65545
66339
nan
