293
1051
1822
2580
3373
4160
4944
5743
6542
7322
8108
8895
9668
10443
11196
11940
12686
13432
14164
14892
15623
16347
17090
17843
18574
19319
20066
20809
21555
22298
23036
23779
24529
25266
26007
26747
27459
28154
28847
29532
30224
30932
31613
32301
32979
33676
34386
35082
35777
36497
37203
37903
38604
39292
39965
40631
41286
41926
42564
43201
43829
44455
45095
45767
46480
47219
48038
48911
49747
50642
51542
52383
53217
53979
54705
55433
56161
56868
57580
58298
59014
59738
60480
