808
1513
2214
2937
3682
4440
5171
5925
6672
7382
8114
8853
9575
10285
11003
11734
12467
13174
13889
14604
15311
16009
16711
17410
18097
18793
19509
20216
20946
21692
22429
23182
23914
24568
25309
26004
26690
27390
28117
28848
29586
30348
30975
31666
32292
32921
33550
34169
34796
35445
36088
36757
37440
38109
38779
39457
40119
40799
41483
42176
42858
43533
44210
44885
45545
46214
46877
47541
48218
48900
49576
50250
50924
51604
52282
52959
53617
54330
55015
55710
56394
57114
57818
58503
59207
59932
60636
