1021
1933
2719
3636
4520
5427
6287
7044
7805
8505
9309
10157
11177
12211
13113
14040
14940
15860
16777
17619
18561
19475
20410
21300
22203
23147
24081
25025
25897
26769
27677
28566
29502
30364
31198
32105
32945
33712
34402
35064
35738
36394
37058
37695
38344
38963
39607
40243
40876
41547
42216
42889
43535
44242
44946
45608
46383
47146
47863
48601
49348
50074
50797
51573
52283
53059
53867
54673
55464
56299
57084
57853
58571
59294
59992
