937
1825
2668
3545
4424
5333
6182
6956
7719
8457
9211
10075
11085
12110
13063
13958
14861
15778
16694
17570
18461
19382
20321
21250
22155
23067
24001
24930
25842
26721
27591
28487
29398
30310
31151
32013
32866
33599
34305
34977
35633
36303
36962
37623
38266
38919
39555
40188
40827
41470
42132
42814
43491
44152
44827
45531
46274
47053
47815
48552
49272
49987
50715
51460
52234
53011
53789
54585
55387
56221
57033
57804
58518
59211
59905
