552
1212
1923
2664
3421
4201
4978
5772
6566
7352
8121
8869
9590
10292
10992
11678
12359
13045
13727
14405
15073
15729
16374
17009
17652
18280
18905
19543
20209
20902
21591
22257
22934
23644
24396
25157
25905
26653
27418
28177
28900
29628
30400
31267
32160
33017
33744
34452
35192
35948
36770
37637
38530
39413
40277
41136
41980
42753
43511
44266
45042
45830
46640
47454
48257
49050
49812
50595
51368
52132
52900
53691
54473
55231
55913
56608
57299
58030
