360
1015
1733
2453
3194
3974
4922
5702
6380
7121
8043
8664
9402
10103
10942
11461
12178
12859
13538
14200
14898
15501
16221
16862
17480
18120
18721
19400
20000
20661
21380
22040
22700
23400
24161
24921
25661
26462
27204
27984
28665
29385
30345
31022
31925
32823
33544
34384
35003
35723
36565
37583
38465
39186
40224
41025
41901
42524
43344
44024
44965
45583
46405
47384
48044
49003
49783
50424
51125
51985
52685
53485
54266
54985
55687
56426
57106
57847
