569
1231
1937
2679
3436
4218
4994
5786
6582
7366
8138
8883
9605
10307
11007
11695
12376
13060
13741
14420
15089
15745
16390
17024
17667
18297
18921
19560
20223
20918
21605
22276
22952
23660
24414
25174
25920
26668
27436
28192
28917
29644
30418
31282
32178
33034
33760
34466
35207
35963
36785
37652
38545
39428
40293
41155
41999
42767
43526
44282
45060
45845
46658
47467
48271
49064
49825
50609
51383
52146
52917
53704
54487
55246
55928
56624
57316
58045
