341
996
1715
2434
3176
3955
4903
5681
6364
7103
8022
8643
9382
10083
10923
11440
12160
12840
13520
14181
14879
15481
16203
16842
17461
18102
18702
19381
19982
20642
21361
22021
22682
23382
24144
24903
25643
26442
27184
27965
28645
29367
30325
31003
31906
32803
33525
34362
34984
35705
36548
37565
38443
39165
40206
41002
41883
42504
43325
44006
44944
45566
46385
47363
48026
48983
49763
50406
51107
51965
52666
53465
54247
54967
55666
56404
57087
57827
