877
1532
2227
2980
3741
4554
5327
6067
6866
7657
8414
9166
nan
10613
11327
12010
12653
13375
14044
14693
15406
16067
16707
17339
17968
18609
19246
19886
nan
nan
21909
22585
23261
23974
24728
nan
26243
26984
27748
28517
29236
29962
30752
31608
nan
33311
34055
34764
35526
36268
37106
37990
38867
39738
40570
41467
42276
43071
43821
44592
45399
46178
nan
47806
nan
49362
50152
50972
51745
52465
nan
54019
54820
55573
56208
56917
57615
58355
