643
1478
2223
3133
3909
4547
5309
6115
6821
7616
8406
8987
9796
10572
11282
12053
12721
13460
14106
14966
15707
16439
17342
18070
18683
19494
20215
20774
21738
22404
23134
23790
24417
25296
25893
26617
27498
28239
28983
29689
30032
30421
31204
31977
32636
33416
34209
34989
35694
36357
36998
37629
38279
38964
39632
40279
40857
41506
42223
42834
43496
44138
44776
45520
46066
46778
47493
48127
48900
49562
50262
50822
51582
52098
53007
53564
54372
55062
55757
56596
57836
58377
59108
59729
60536
61200
61920
