623
1453
2195
3101
3877
4518
5283
6083
6794
7583
8375
8966
9769
10545
11251
12009
12683
13420
14082
14929
15682
16400
17303
18031
18645
19474
20180
20748
21703
22378
23099
23752
24390
25259
25850
26594
27471
28207
28946
29643
29987
30398
31183
31954
32607
33382
34171
34964
35677
36305
36943
37597
38248
38938
39607
40226
40829
41443
42176
42799
43464
44110
44736
45502
46043
46745
47459
48099
48867
49537
50191
50771
51537
52050
52951
53536
54351
55024
55727
56547
57802
58350
59080
59694
60482
61150
61898
