594
1283
1980
2611
3181
3853
4542
5311
5981
6659
7335
8005
8699
9384
10101
10657
11460
12146
12764
13514
14171
14786
15488
16106
16812
17505
18168
18852
19532
20228
20882
21556
22243
22930
23623
24308
25005
25593
26387
27081
27735
28398
29064
29618
30420
31096
31753
32393
33149
33885
34479
34994
35776
36359
36994
37586
38259
38765
39382
39998
40649
41160
41881
42336
43076
43667
44289
44876
45485
46091
46667
47274
47885
48529
49091
49706
50341
50827
51587
52207
52821
53454
54066
54667
55239
55879
56485
57083
57680
58276
58882
59502
60104
60727
