566
1251
1907
2580
3144
3825
4507
5278
5953
6622
7305
7980
8652
9352
10037
10626
11433
12110
12708
13443
14088
14689
15438
15998
16772
17438
18142
18798
19491
20157
20844
21526
22204
22894
23573
24273
24924
25548
26351
27032
27682
28367
29038
29580
30371
31030
31720
32372
33087
33774
34377
34944
35670
36330
36952
37519
38221
38687
39332
39955
40618
41135
41829
42317
43013
43643
44243
44844
45442
46052
46639
47242
47844
48456
49062
49648
50279
50801
51514
52161
52792
53403
54016
54635
55217
55839
56444
57038
57642
58214
58815
59422
60083
60698
