nan
1542
2353
nan
3564
4243
nan
5731
nan
6928
7765
8423
8945
nan
10347
11198
11845
12548
13216
13729
14500
15229
15733
16452
17095
17754
nan
19284
19778
20639
nan
nan
22662
23303
nan
nan
nan
26122
26745
27331
28131
nan
29467
29978
nan
nan
32190
32699
33497
nan
34713
35469
36126
nan
37179
37958
38589
39096
39827
40448
40896
41661
nan
nan
43444
44053
44693
nan
nan
nan
nan
nan
nan
48890
49505
50128
nan
51360
nan
52592
53169
53839
nan
nan
55537
nan
nan
57491
58095
58661
59128
nan
nan
nan
