808
1775
2770
3666
4487
5378
6366
7348
8271
9116
9919
10822
11723
12450
13271
14178
15295
16138
17011
17902
18763
19627
20497
21327
22086
22976
23865
24607
25372
26235
27166
28164
29233
30189
30938
31697
32381
33101
33623
34379
35055
35690
36321
36962
37604
38238
38923
39653
40422
41154
41895
42630
43368
44076
44770
45440
46116
46641
47466
48111
48750
49400
50068
50706
51376
52079
52782
53519
54284
55010
55739
56278
57109
57786
58521
59125
59778
60402
61014
