1174
2141
3132
4022
4861
5745
6734
7713
8638
9474
10290
11190
12075
12821
13650
14679
15665
16508
17385
18271
19132
20000
20866
21688
22469
23352
24229
24974
25748
26605
27535
28534
29597
30542
31306
32061
32780
33463
34132
34725
35425
36060
36690
37326
37968
38611
39298
40029
40778
41521
42250
42983
43720
44437
45126
45796
nan
47146
47816
48436
49113
49746
50400
51022
51718
52434
53142
53870
54639
55356
56083
56777
57462
58146
58827
59482
60130
60758
nan
