448
1253
1853
2716
3428
3997
4837
5414
6246
7016
7742
8502
9272
10048
10787
11410
12157
13007
13625
14450
15148
15738
16414
17153
17870
18640
19555
20154
20893
21697
22368
22993
23737
24441
25122
25735
26566
27308
28066
28688
29539
30117
31449
32048
32769
33232
33930
34540
35118
35665
36237
36846
37401
37976
38587
39172
39720
40296
40780
41463
41815
42482
42931
43488
44038
44582
45117
45860
46500
47079
48009
48791
49484
50084
50865
51510
52051
52766
53369
53961
54545
55120
55716
56304
56894
57466
57954
58660
59249
59833
60436
