578
1355
2100
2823
3533
4230
4938
5657
6374
7119
7871
8629
9403
10175
10915
11655
12383
13107
13832
14552
15253
15961
16667
17362
18106
18881
19658
20385
21101
21798
22498
23184
23866
24549
25254
25965
26696
27437
28172
28907
29644
30356
31654
32269
32873
33463
34053
34634
35214
35790
36367
36946
37526
38107
38687
39269
39846
40419
40989
41558
42121
42677
43228
43780
44324
44869
45420
45985
46597
47325
48130
48898
49611
50316
50989
51637
52259
52866
53462
54054
54642
55229
55815
56399
56992
57584
58177
58763
59351
59936
60526
