850
1627
2370
3095
nan
4500
5208
5926
6643
7389
8142
nan
9675
10449
11187
11928
12654
13381
14103
14824
15522
16234
16935
17632
nan
19154
19928
20648
21373
22069
22771
23455
24137
24817
25526
26236
26969
27709
28444
29177
29947
30669
31921
32512
33147
33738
34322
34903
35478
36056
36640
37216
37793
38375
38955
39532
40110
40683
41254
41820
42385
42935
43492
44043
44586
45124
45655
46248
46862
47598
nan
nan
49880
nan
51260
51908
52524
53134
53729
nan
54903
55496
56079
56664
nan
57844
58442
59027
59609
60194
nan
