658
1431
2180
2901
3609
4310
5015
5736
6453
7195
7953
8708
9481
10258
10998
11735
12464
13190
13915
14629
15331
16038
16744
17442
18189
18958
19737
20465
21179
21875
22574
23265
23951
24631
25330
26043
26773
27516
28256
28990
29720
30447
31746
32365
32963
33546
34132
34713
35294
35871
36444
37026
37601
38183
38762
39349
39926
40497
41067
41638
42204
42752
43307
43860
44401
44949
45497
46064
46674
47401
48205
48976
49685
50397
51067
51715
52336
52945
53538
54132
54720
55313
55893
56478
57077
57661
58259
58839
59425
60013
60603
