491
1270
1861
2734
3448
4007
4851
5422
6286
7033
7787
8543
9313
10089
10827
11416
12163
13022
13631
14466
15167
15749
16428
17158
17880
18648
19576
20162
20900
21712
22406
22998
23773
24460
25165
25738
26610
27349
28085
28697
29556
30133
31460
32052
32795
33241
33950
34555
35129
35682
36260
36859
37420
38010
38601
39184
39762
40319
40783
41476
41878
42484
42989
43547
44092
44636
45185
45884
46514
47085
48046
48808
49526
50095
50907
51553
52058
52783
53382
53973
54559
55145
55732
56317
56914
57499
57960
58684
59266
59854
60447
