349	373	382	455	439	475	552	515	629	661	738	496	468	696	463	509
855	867	874	1023	1007	1044	1141	1080	1168	1229	1302	504	471	731	465	511
1462	1481	1499	1568	1552	1589	1684	1629	1786	1793	1832	501	463	719	456	516
2021	2035	2046	2093	2076	2113	2196	2154	2233	2287	2316	534	496	737	490	533
2393	2422	2434	2594	2578	2614	2667	2648	2754	2787	2870	511	471	694	472	511
2930	2939	2949	3091	3074	3110	3187	3145	3263	3292	3365	491	458	697	463	510
3476	3507	3512	3585	3569	3605	3688	3647	3735	3787	3864	500	468	725	462	501
4013	4028	4037	4092	4076	4111	4194	4146	4257	4298	4344	498	464	716	460	515
4455	4475	4489	4616	4600	4636	4704	4672	4759	4811	4872	519	490	739	487	529
4951	4977	5000	5139	5123	5160	5229	5205	5268	5342	5352	510	473	696	478	524
5587	5603	5607	5657	5641	5677	5854	5713	5815	5861	5932	509	467	694	469	513
6077	6099	6105	6180	6164	6200	6376	6237	6387	6391	6439	492	458	716	460	512
6560	6569	6592	6712	6696	6732	6862	6774	6871	6920	6967	505	479	740	472	524
7142	7160	7170	7246	7230	7267	7341	7309	7403	7457	7506	519	487	741	481	524
7626	7643	7674	7785	7769	7805	7986	7842	7960	7988	8060	511	472	704	473	523
8144	8156	8201	8312	8296	8332	8412	8373	8484	8515	8593	496	463	704	463	499
8642	8682	8696	8851	8835	8871	9051	8906	9025	9055	9117	495	465	728	460	519
9270	9289	9299	9377	9361	9397	9450	9433	9545	9581	9638	513	484	732	475	519
9799	9821	9825	9903	9887	9923	9991	9964	10090	10111	10117	518	483	731	479	526
10304	10333	10340	10411	10395	10431	10491	10476	10528	10612	10675	510	478	703	475	519
10729	10744	10760	10916	10899	10936	11105	10972	11064	11114	11178	508	466	689	467	508
11197	11273	11301	11418	11402	11438	11502	11481	11581	11622	11682	496	465	719	464	508
11831	11852	11857	11935	11920	11956	12059	11994	12073	12144	12193	502	471	732	467	521
12320	12337	12363	12487	12471	12508	12680	12547	12651	12685	12757	500	480	739	476	521
12986	13001	13015	13062	13047	13084	13160	13130	13230	13267	13298	518	481	722	472	520
13528	13554	13561	13605	13589	13625	13697	13667	13754	13805	13874	509	469	696	472	514
14067	14084	14095	14141	14125	14161	14246	14197	14284	14348	14411	504	463	699	467	516
14431	14510	14526	14675	14659	14695	14775	14732	14734	14884	14932	499	467	726	464	511
15057	15069	15105	15225	15209	15245	15430	15280	15391	15433	15491	507	472	738	465	517
15687	15704	15716	15764	15748	15784	15851	15827	15941	15963	16041	522	487	738	474	523
16220	16238	16258	16295	16280	16315	16388	16352	16465	16496	16568	508	470	702	467	515
16741	16764	16770	16823	16806	16842	17013	16879	16889	17028	17105	504	468	706	469	515
17276	17292	17304	17348	17331	17368	17552	17408	17494	17555	17611	500	457	720	447	499
17687	17729	17737	17875	17859	17895	17984	17938	18019	18079	18142	507	493	756	489	537
18342	18362	18372	18415	18399	18436	18502	18482	18560	18617	18643	524	484	735	476	517
18759	18785	18808	18952	18936	18973	19034	19019	19117	19152	19231	497	470	699	469	519
19250	19293	19312	19485	19469	19505	19687	19542	19666	19691	19768	500	462	698	463	512
19931	19949	19956	20036	20021	20057	20110	20097	20152	20242	20306	507	476	738	470	513
20436	20448	20476	20587	20572	20609	20697	20651	20744	20796	20860	504	480	738	465	514
21072	21086	21095	21149	21134	21170	21248	21209	21211	21355	21442	514	475	728	465	512
21519	21534	21544	21711	21695	21731	21791	21772	21861	21911	21991	501	473	706	472	518
22198	22216	22220	22273	22256	22293	22469	22329	22436	22475	22543	512	472	718	469	519
22777	22793	22803	22853	22838	22874	22931	22913	22979	23063	23145	512	475	735	467	516
23267	23275	23287	23423	23407	23444	23522	23492	23593	23631	23683	505	478	733	468	521
23901	23919	23931	24004	23988	24024	24089	24060	24187	24208	24289	514	483	727	475	524
24490	24504	24509	24568	24551	24588	24664	24630	24739	24765	24851	514	478	704	468	521
25029	25044	25050	25110	25093	25130	25197	25166	25305	25314	25381	504	467	691	469	513
25540	25565	25570	25644	25628	25665	25782	25709	25796	25856	25920	499	463	722	456	509
26081	26098	26106	26185	26170	26206	26390	26244	26376	26394	26457	512	484	750	473	524
26649	26670	26698	26732	26717	26753	26934	26794	26898	26939	27007	515	477	737	467	523
27081	27106	27150	27267	27251	27288	27354	27329	27422	27468	27476	501	461	704	457	512
27671	27700	27703	27784	27767	27803	27872	27844	27939	27985	28040	504	475	700	474	519
28212	28230	28239	28290	28273	28309	28383	28346	28447	28495	28505	506	470	710	471	520
28624	28650	28672	28792	28776	28812	28858	28849	28936	29001	29059	503	471	728	464	515
29121	29159	29180	29298	29283	29319	29394	29362	29463	29508	29561	498	474	731	466	526
29732	29751	29762	29814	29797	29834	29916	29879	29984	30016	30081	524	487	738	480	527
30223	30241	30254	30329	30313	30349	30416	30382	30496	30535	30604	509	472	707	470	518
30779	30796	30813	30854	30839	30874	30934	30917	31002	31064	31102	504	465	697	466	513
31270	31301	31311	31382	31368	31401	31453	31439	31575	31591	31614	517	477	711	468	516
31691	31706	31727	31894	31880	31916	31986	31954	32033	32101	32153	487	448	711	468	561
32219	32229	32237	32400	32385	32421	32463	32472	32552	32604	32667	536	468	695	455	513
32797	32821	32830	32904	32888	32924	32993	32960	33102	33114	33179	509	476	712	464	513
33335	33344	33351	33399	33385	33422	33479	33452	33569	33607	33650	501	472	697	462	516
33735	33746	33777	33888	33872	33909	34016	33946	34031	34057	34080	509	481	716	477	511
34287	34306	34310	34367	34351	34387	34467	34432	34530	34557	34589	504	472	691	466	510
34655	34693	34732	34839	34824	34859	34938	34900	35021	35031	35048	509	482	693	478	515
35235	35256	35263	35306	35290	35327	35373	35362	35458	35497	35514	508	465	688	467	506
35699	35711	35722	35771	35757	35793	35871	35828	35944	35967	35973	505	471	678	462	510
36164	36180	36193	36234	36218	36255	36301	36293	36310	36435	36459	521	488	689	483	518
36629	36645	36651	36698	36684	36719	36765	36757	36836	36895	36951	515	486	681	483	515
36987	37000	37010	37157	37143	37177	37250	37210	37272	37349	37416	506	479	655	481	516
37460	37468	37509	37612	37597	37632	37683	37659	37767	37819	37875	498	471	644	480	516
37898	37924	37949	38064	38048	38084	38145	38128	38229	38271	38309	502	474	662	478	512
38414	38434	38441	38511	38495	38531	38584	38573	38694	38710	38717	503	478	673	475	511
38891	38904	38911	38955	38940	38975	39037	39009	39013	39159	39175	504	477	664	475	511
39240	39259	39279	39400	39385	39421	39490	39464	39573	39593	39604	500	475	663	477	513
39703	39712	39726	39850	39835	39870	39921	39907	40011	40048	40059	497	471	657	475	513
40212	40235	40243	40306	40290	40327	40461	40365	40474	40500	40511	508	484	672	485	523
40594	40623	40662	40770	40754	40790	40848	40831	40939	40967	40976	510	482	679	480	515
41076	41091	41104	41237	41221	41257	41321	41301	41410	41434	41508	497	473	668	472	511
41511	41535	41549	41711	41696	41731	41839	41774	41886	41907	41913	499	473	654	477	516
42033	42047	42087	42186	42171	42206	42259	42241	42297	42375	42388	499	476	648	484	515
42510	42524	42560	42660	42645	42680	42723	42715	42827	42860	42867	500	475	663	478	511
42996	43009	43027	43143	43129	43163	43219	43198	43325	43343	43391	501	479	684	472	504
43563	43586	43591	43656	43641	43675	43858	43719	43786	43864	43870	490	467	675	465	513
44011	44023	44036	44182	44167	44202	44244	44254	44352	44382	44449	517	493	679	493	521
44527	44539	44554	44727	44714	44749	44802	44788	44937	44952	44957	505	485	687	472	511
45180	45202	45212	45277	45262	45298	45363	45330	45439	45479	45541	513	481	689	471	508
45631	45639	45653	45823	45807	45843	45894	45874	45975	46014	46029	486	453	670	451	501
46196	46216	46227	46361	46346	46381	46446	46423	46524	46563	46633	512	494	679	492	529
46793	46805	46813	46883	46868	46903	46958	46945	47044	47076	47092	512	487	674	490	526
47331	47348	47352	47400	47386	47421	47485	47454	47591	47601	47613	519	490	691	487	517
47852	47865	47878	47921	47904	47941	47977	47989	48119	48124	48146	511	482	694	475	512
48293	48307	48327	48450	48435	48471	48517	48510	48624	48643	48650	509	486	692	475	509
48924	48943	48948	48994	48978	49014	49084	49057	49157	49193	49265	506	478	665	464	498
49360	49387	49424	49518	49503	49538	49588	49577	49686	49714	49725	486	476	661	481	526
49949	49965	49976	50047	50032	50068	50117	50105	50186	50241	50246	514	487	700	478	513
50487	50503	50512	50586	50571	50606	50674	50642	50781	50789	50810	510	484	697	473	514
50998	51012	51030	51147	51133	51168	51218	51206	51308	51342	51361	509	487	693	475	515
51491	51513	51521	51694	51678	51714	51798	51759	51839	51896	51902	504	480	662	479	516
52066	52077	52093	52238	52222	52259	52322	52297	52396	52425	52447	504	477	688	471	507
52633	52646	52669	52787	52773	52808	52867	52842	52971	52988	52998	501	480	693	472	510
53195	53203	53228	53343	53329	53363	53419	53399	53512	53539	53584	501	483	686	468	512
53705	53720	53741	53906	53891	53925	53984	53961	54044	54098	54107	504	483	662	481	512
54378	54398	54402	54451	54437	54470	54532	54511	54599	54639	54661	511	479	657	480	507
54833	54842	54851	54993	54978	55013	55179	55058	55166	55188	55198	493	479	685	483	523
55477	55497	55507	55553	55537	55573	55644	55609	55713	55751	55772	520	483	699	475	504
56055	56073	56085	56133	56118	56153	56208	56197	56321	56331	56354	511	480	703	471	511
56510	56522	56533	56700	56684	56719	56785	56763	56900	56913	56951	508	483	682	472	513
57075	57091	57105	57259	57244	57279	57324	57315	57433	57460	57521	509	481	662	481	516
57593	57611	57629	57796	57781	57816	57882	57859	57995	58011	58047	502	466	647	467	504
58254	58270	58279	58325	58310	58345	58432	58381	58515	58529	58553	514	489	693	480	518
58686	58699	58713	58855	58840	58875	58932	58914	59030	59048	59075	510	486	690	475	512
59294	59310	59321	59391	59376	59410	59466	59445	59567	59587	59614	508	484	684	478	511
59776	59784	59800	59936	59921	59957	60005	59996	60103	60128	60145	511	487	673	480	517
60405	60425	60431	60481	60467	60501	60585	60548	60660	60683	60756	511	480	658	476	512
60873	60883	60905	61026	61011	61046	61102	61084	61195	61221	61236	504	481	685	470	504
61484	61524	61534	61587	61573	61608	61676	61650	61748	61782	61809	509	482	688	465	510
