349
855
1462
2021
2393
2930
3476
4013
4455
4951
5587
6077
6560
7142
7626
8144
8642
9270
9799
10304
10729
11197
11831
12320
12986
13528
14067
14431
15057
15687
16220
16741
17276
17687
18342
18759
19250
19931
20436
21072
21519
22198
22777
23267
23901
24490
25029
25540
26081
26649
27081
27671
28212
28624
29121
29732
30223
30779
31270
31691
32219
32797
33335
33735
34287
34655
35235
35699
36164
36629
36987
37460
37898
38414
38891
39240
39703
40212
40594
41076
41511
42033
42510
42996
43563
44011
44527
45180
45631
46196
46793
47331
47852
48293
48924
49360
49949
50487
50998
51491
52066
52633
53195
53705
54378
54833
55477
56055
56510
57075
57593
58254
58686
59294
59776
60405
60873
61484
