468
471
463
496
471
458
468
464
490
473
467
458
479
487
472
463
465
484
483
478
466
465
471
480
481
469
463
467
472
487
470
468
457
493
484
470
462
476
480
475
473
472
475
478
483
478
467
463
484
477
461
475
470
471
474
487
472
465
477
448
468
476
472
481
472
482
465
471
488
486
479
471
474
478
477
475
471
484
482
473
473
476
475
479
467
493
485
481
453
494
487
490
482
486
478
476
487
484
487
480
477
480
483
483
479
479
483
480
483
481
466
489
486
484
487
480
481
482
