439
1007
1552
2076
2578
3074
3569
4076
4600
5123
5641
6164
6696
7230
7769
8296
8835
9361
9887
10395
10899
11402
11920
12471
13047
13589
14125
14659
15209
15748
16280
16806
17331
17859
18399
18936
19469
20021
20572
21134
21695
22256
22838
23407
23988
24551
25093
25628
26170
26717
27251
27767
28273
28776
29283
29797
30313
30839
31368
31880
32385
32888
33385
33872
34351
34824
35290
35757
36218
36684
37143
37597
38048
38495
38940
39385
39835
40290
40754
41221
41696
42171
42645
43129
43641
44167
44714
45262
45807
46346
46868
47386
47904
48435
48978
49503
50032
50571
51133
51678
52222
52773
53329
53891
54437
54978
55537
56118
56684
57244
57781
58310
58840
59376
59921
60467
61011
61573
