269
857
1474
2114
2620
3325
4002
4623
5269
5814
6438
7081
7917
8478
9294
9864
10599
11288
11868
12586
13335
13963
14860
15654
16442
17190
17904
18571
19093
19893
20473
21220
22017
22918
23578
24299
25176
25889
26489
27270
27915
28563
29158
29873
30397
31020
31837
32323
32984
33718
34266
34935
35460
36193
36737
37494
38136
38760
39315
39973
40522
41122
41678
42299
42954
43432
44190
44794
45368
46056
46675
47274
47878
48490
48995
49793
50373
50920
51474
52174
52754
53325
53909
54477
55089
55686
56309
56858
57446
58113
58770
59429
60157
