561
1157
1766
2404
3048
3671
4296
4920
5563
6207
6866
7537
8213
8878
9564
10230
10898
11582
12271
12937
13639
14359
15164
15954
16737
17476
18176
18864
19513
20195
20891
21653
22427
23217
23998
24724
25459
26182
26889
27561
28216
28858
29504
30160
30801
31467
32103
32740
33384
34006
34624
35238
35860
36497
37147
37791
38431
39053
39660
40274
40870
41465
42056
42642
43239
43838
44451
45083
45714
46337
46958
47567
48175
48782
49397
50025
50650
51261
51859
52445
53024
53598
54177
54757
55353
55961
56573
57202
57846
58515
59182
59870
60606
