831
1596
2384
3189
4056
4828
5609
6479
7343
8138
8941
9726
10502
11251
11995
12797
13546
14192
14995
15974
16848
17602
nan
19338
20147
20949
21734
22483
23303
24034
24941
25704
26565
27416
28208
29068
29902
30748
31460
32207
32994
33751
34388
35090
35740
36418
37154
37746
38460
38998
39585
40187
40830
41424
42121
42825
43522
44255
44984
45718
46502
47286
nan
48828
49526
50332
51001
51741
52596
53302
54041
54622
55476
56163
57047
57818
58600
59349
60154
60742
61577
62368
63072
63777
64513
65221
nan
