768
1531
2325
3122
3989
4751
5540
6410
7264
8061
8867
9705
10439
11182
11922
12777
13523
14159
14925
15958
16832
17531
nan
19316
20134
20911
21677
22448
23218
23985
24917
25675
26504
27394
28171
29002
29846
30666
31392
32152
32975
33732
34350
35044
35705
36388
37149
37725
38442
38980
39564
40129
40794
41419
42098
42798
43498
44249
44901
45696
46478
47257
nan
48806
49502
50312
50974
51699
52575
53280
54022
54597
55457
56070
57030
57794
58595
59331
60136
60720
61497
62345
63043
63769
64366
65131
nan
