587
1241
1883
2555
3255
3907
4584
5282
5954
6600
7284
7946
8599
9233
9906
10553
11178
11827
12499
13143
13769
14423
15102
15718
16376
17030
17707
18360
19000
19684
20347
20986
21653
22340
23002
23645
24332
25003
25642
26304
26974
27604
28278
28902
29543
30179
30830
31490
32124
32745
33401
34065
34685
35346
36022
36653
37294
37980
38622
39263
39905
40558
41171
41790
42462
43050
43585
44271
44940
45515
46192
46775
47452
48068
48682
49295
49957
50548
51159
51832
52472
53076
53690
54351
54976
55623
56242
56911
