441
1100
1763
2432
3100
3772
4451
5142
5796
6471
7139
7796
8451
9107
9766
10403
11049
11705
12351
12996
13645
14296
14954
15604
16252
16905
17558
18213
18871
19535
20199
20860
21527
22194
22853
23524
24185
24858
25520
26179
26821
27516
28017
28783
29429
30048
30706
31342
31975
32620
33262
33914
34553
35210
35866
36500
37162
37858
38468
39123
39780
40417
41049
41669
42339
42928
43502
44157
44821
45285
46041
46656
47323
47931
48558
49180
49809
50427
51040
51706
52328
52958
53572
54224
54857
55499
56125
56746
