807
1438
2079
2776
3458
4127
4806
5485
6163
6815
7515
8141
8798
9452
10122
10750
11394
12054
12693
13343
13976
14620
15285
15954
16659
17215
17898
18551
19229
19903
20553
21211
21931
22539
23213
23873
24545
25209
25861
26528
27180
27856
28496
29173
29767
30415
31074
31732
32334
32958
33638
34278
34902
35590
36243
36874
37520
38200
38817
39483
40107
40757
41403
42001
42675
43260
nan
44463
45154
45721
46392
46983
47663
48252
48890
49522
50148
50761
51342
52047
52660
53283
53897
54564
55181
55844
56463
57112
