499
1169
1822
2479
3175
3854
4530
5169
5874
6551
7214
7866
8499
9149
9831
10479
11124
11777
12429
13039
13718
14376
15026
15678
16328
16980
17634
18287
18947
19619
20262
20937
21649
22255
22936
23587
24261
24943
25583
26243
26895
27549
28042
28847
29498
30117
30778
31383
32040
32698
33346
33986
34622
35293
35943
36580
37241
37910
38549
39211
39849
40481
41117
41740
42412
42991
43586
44199
44896
45326
46120
46724
47402
47986
48629
49237
49883
50490
51104
51779
52366
53024
53605
54303
54923
55572
56187
56842
