411
1117
1815
2532
3225
3911
4622
5356
6150
6959
7735
8527
9309
10035
10822
11544
12278
13094
13850
14578
15397
16200
16922
17686
18492
19237
19964
20741
21518
22270
23063
23883
24668
25447
26261
27056
27831
28647
29426
30167
30980
31718
32458
33211
33961
34721
35468
36156
36877
37567
38245
38918
39574
40216
40863
41515
42181
42861
43566
44309
45035
45793
46573
47322
48090
48847
49576
50290
51004
51723
52421
53104
53801
54502
55236
55945
56669
57418
58184
58890
59629
60365
