708
1427
2126
2829
3526
4215
4940
5679
6469
7270
8078
8836
9626
10364
11144
11850
12589
nan
14235
14896
15664
nan
17239
18017
nan
19544
20290
21064
21828
22570
23396
24186
24982
25772
26611
27366
28157
nan
29728
30578
31283
32098
32841
33518
34271
35031
35798
nan
37191
37889
38622
39270
39893
nan
41203
41874
42559
43175
43865
44671
45359
46156
46908
47634
48433
49191
49901
50605
51316
52034
52756
53461
54201
nan
55548
56304
56986
57770
58491
59110
59951
60680
