619
1379
2127
2864
3563
4273
5010
5759
6470
7195
7896
8572
9258
9945
10655
11375
12120
12847
13565
14306
15037
15750
16474
17195
17897
18592
19301
20016
20723
21437
22164
22873
23549
24241
24920
25590
26263
26954
27642
28313
29018
29697
30397
31078
31733
32366
32998
33604
34203
34784
35352
35907
36455
37007
37557
38110
38658
39215
39769
40327
40888
41440
41984
42533
43091
43671
44247
44833
45446
46117
46794
47498
48225
48954
49681
50378
51052
51695
52351
53009
53660
54345
55034
55744
56435
57098
57745
58378
59019
59653
60278
60892
61515
