234
812
1574
2256
2989
3740
4421
5092
5775
6350
7263
8010
8683
9596
10343
11128
11867
12437
13277
13985
14623
15447
16085
16738
17513
18419
19155
19872
20586
21306
22053
22624
23498
24145
25026
25781
26469
27105
27782
28537
29219
29903
30553
31356
31894
32738
33364
34155
34789
35507
36135
36780
37448
37987
38522
39165
39721
40282
40895
41413
42016
42562
43108
43754
44354
44957
45561
46201
46820
47309
48141
48716
49393
50157
50839
51540
52356
52919
53739
54433
55131
55648
56504
57040
57750
58377
59040
