337
1079
1802
2527
3154
3848
4522
5194
5912
6603
7367
8145
8933
9699
10479
11234
11973
12669
13378
14090
14815
15543
16276
17027
17783
18534
19282
19980
20697
21416
22169
22892
23631
24373
25130
25883
26596
27332
28044
28756
29447
30111
30810
31497
32171
32872
33523
34262
34946
35613
36272
36917
37534
38137
38733
39312
39875
40425
40980
41552
42118
42704
43302
43900
44496
45095
45703
46321
46965
47602
48284
48964
49671
50373
51079
51768
52457
53146
53838
54530
55229
55923
56599
57280
57949
58622
59305
