767
1406
2083
2758
3454
4041
4789
5495
6148
6827
7482
8063
8908
9537
10190
10892
11566
12204
12855
13527
14189
14870
15440
16238
16908
17498
18233
18851
19523
20198
20863
21482
22147
22680
23419
24071
24843
25522
26190
26823
27542
28198
28827
29636
30288
31020
31711
32351
32958
33685
34346
35009
35619
36230
36851
37386
37914
38621
39218
39797
40363
40945
41543
41985
42639
43204
43755
44303
44839
45400
45927
46504
47128
47718
48291
48902
49514
50104
50771
51360
51987
52622
53123
53749
54413
54974
55543
56097
56666
57268
57897
58555
59128
59873
60541
