799
1449
2101
2795
3474
4054
4815
5513
6180
6843
7510
8074
8919
9593
10212
10906
11591
12218
12881
13566
14212
14891
15452
16274
16919
17538
18240
18893
19563
20212
20874
21510
22170
22689
23429
24089
24851
25549
26205
26841
27553
28212
28839
29658
30331
31035
31724
32376
32974
33713
34366
35020
35653
36247
36861
37400
37929
38636
39224
39817
40389
40966
41561
42024
42670
43218
43768
44327
44878
45412
45948
46534
47155
47728
48320
48931
49526
50134
50776
51410
52009
52635
53146
53775
54430
55004
55571
56131
56687
57299
57919
58566
59139
59924
60570
