1131
1778
2452
3107
3823
4486
5153
5831
6529
7181
7819
8525
9269
9912
10561
11230
11924
12567
13222
13897
14552
15217
15937
16613
17241
17891
18562
19224
19892
20563
21201
21863
22517
23142
23761
24418
25176
25891
26556
27176
27882
28565
29283
30000
30669
31354
32061
32728
33386
34056
34692
35343
35993
36579
37193
37811
38418
38991
39556
40147
40745
41329
41897
42447
43012
43554
44116
44661
45211
45754
46303
46880
47486
48038
48652
49253
49855
50471
51104
51753
52353
52965
53606
54040
54754
55340
55906
56422
57017
57632
58248
58900
59561
60252
nan
