687
1637
2189
2905
3311
4093
nan
5337
6007
6750
7473
8237
9045
9813
10531
11204
11871
12555
13295
14047
14823
15559
16264
16977
17704
18459
18650
19305
20037
20744
nan
22170
22869
23554
24227
24885
nan
26201
26938
nan
28459
29206
29953
30684
31443
32147
32839
nan
34181
34632
35466
36100
36750
37412
38064
38708
39386
40114
40858
41562
nan
42901
43575
nan
44880
45518
46179
46855
47525
48174
nan
49539
nan
50869
51527
52185
52805
53453
nan
54656
55268
55915
56581
57286
57992
58686
59365
60050
60760
