431
1466
2311
3090
3866
4816
5656
6434
7263
8151
8995
9879
10671
11481
12337
13139
13948
14715
15667
16477
17152
18096
18808
19589
20600
21340
22063
22869
23697
24600
25419
26244
26949
27893
28548
29537
30311
31249
31793
32643
33605
34359
34985
35866
36604
37323
37912
38814
39600
40257
41085
41875
42481
43342
44106
44766
45515
46195
47175
47930
48605
49502
50085
51059
51820
52606
53389
54104
54917
55673
56421
57215
57939
58709
59457
60216
