848
1529
2222
2951
3678
4397
5117
5838
6587
7279
8040
8746
9503
10240
10982
11721
12461
13190
13943
14698
15451
16208
16972
17744
18508
19259
20005
20745
21486
22250
23011
23789
24586
25398
26204
27011
27826
28621
29407
30197
30845
31751
32491
33221
33922
34637
35383
36113
36835
37573
38323
39097
39806
40557
41322
42097
42816
43579
44329
45103
45816
46575
47342
48143
48883
49656
50446
51170
51927
52688
53441
54193
54941
55724
56452
57247
57980
58759
59491
60181
60902
61662
62378
