950
1564
2292
3013
3758
4474
5190
5907
6651
7369
8087
8817
9586
10338
11058
11813
12537
13255
14021
14767
15518
16282
17053
17830
18603
19333
20090
20821
21551
22336
23101
23864
24662
25489
26295
27082
27917
28696
29503
30287
30902
31791
32576
33257
33956
34730
35462
36201
36922
37646
38463
39160
39889
40639
41400
42165
42892
43673
44422
45183
45895
46671
47451
48202
48955
49744
50499
51270
52016
52768
53530
54320
55009
55785
56544
57310
58114
58807
59548
60285
60970
61719
nan
