1049
1740
2461
3169
3928
4594
5349
6073
6797
7504
8222
8978
9723
10491
11238
11971
12680
13434
14188
14945
15704
16463
17217
17989
18713
19508
20254
20974
21739
22499
23270
24029
24830
25636
26431
27237
28095
28874
29598
30427
30995
32002
32721
33455
34179
34784
35611
36330
37055
37815
38552
39302
40017
40790
41542
42288
43057
43819
44577
45312
46053
46817
47595
48349
49100
49898
50649
51368
52177
52920
53678
54375
55176
55945
56679
57448
58170
58950
59679
60436
61121
61867
nan
