1110
1834
2481
3223
3963
4664
5404
6101
6815
7538
8266
9045
9785
10526
11284
12000
12760
13463
14246
14971
15741
16509
17249
18036
18752
19546
20271
21010
21787
22504
23309
24058
24889
25677
26502
27318
28136
28900
29636
30461
31048
32045
32809
33535
34232
34938
35672
36432
37136
37875
38625
39372
40102
40853
41580
42367
43070
43848
44628
45396
46078
46863
47637
48411
49189
49938
50730
51473
52234
52991
53746
54490
55246
56001
56707
57508
58277
59042
59781
60495
61202
61940
nan
