847
1549
2197
2778
3358
3971
4582
5237
5933
6625
7251
7860
8497
9156
9830
10473
11088
11725
12474
13246
14015
14764
15523
16282
16986
17635
18297
19007
19750
20462
21097
21718
22350
23027
23759
24463
25088
25694
26286
26884
27513
28128
28699
29273
29849
30453
31084
31674
32268
32836
33398
33955
34488
35033
35579
36124
36671
37219
37748
38272
38793
39319
39845
40366
40883
41389
41924
42543
43297
44033
44670
45364
46118
46883
47630
48320
49026
49747
50440
51060
51670
52317
53022
53741
54385
54980
55567
56164
56841
57560
58238
58912
59637
60388
