480
1342
2216
3041
3814
4610
5435
6234
6994
7795
8621
9344
10135
11003
11851
12626
13458
14323
15145
15974
16812
17642
18491
19286
20022
20757
21560
22339
23183
24059
24895
25630
26370
27181
28000
nan
29419
30082
30725
31327
31913
32541
33049
33674
34307
34881
35560
36249
36959
37701
38436
39148
39780
40428
41056
41771
42481
43252
44051
44778
45592
46366
47129
47889
48591
49315
50087
50863
51671
52440
53194
54061
54800
55574
56338
57126
