759
1447
2132
2804
3481
4138
4807
5479
6159
6828
7505
8172
8857
9551
10237
10932
11628
12313
13010
13663
14331
15076
15660
16324
17001
17678
18351
19020
19698
20383
21042
21734
22400
23092
23786
24477
25176
25870
26552
27234
27899
28557
29231
29899
30571
31257
32022
32654
33326
33940
34612
35253
35898
36580
37139
37791
38503
39016
39678
40216
40819
41416
42020
42624
43221
43824
44433
45038
45642
46237
46832
47433
48040
48649
49249
49862
50496
51100
51739
52356
52979
53591
54206
54820
55424
56024
56631
57230
57831
58437
59035
59654
60273
nan
