686
1377
2052
2728
3401
4063
4739
5400
6071
6752
7426
8097
8783
9468
10166
10851
11545
12239
12913
13592
14263
14922
15594
16253
16925
17602
18268
18948
19626
20306
20972
21652
22334
23017
23711
24402
25101
25787
26482
27154
27820
28491
29153
29820
30492
31176
31874
32562
33228
33887
34538
35181
35818
36445
37073
37695
38170
38932
39529
40143
40747
41342
41945
42545
43157
43763
44359
44960
45560
46168
46767
47355
47959
48565
49183
49791
50410
51039
51661
52278
52898
53526
54131
54744
55351
55963
56564
57155
57754
58363
58968
59582
60192
60822
