551
1316
2100
2820
3771
4591
5401
6206
6989
7802
8597
9368
10152
10912
11671
12342
13114
14018
14709
15642
16454
17138
18029
18778
19540
20323
21144
21967
22770
23573
24350
24796
25851
26506
27244
28096
29010
29977
30986
31831
32639
33412
34160
34908
35637
36389
37118
37846
38567
39283
39982
40669
41347
41956
42719
43390
44069
44747
45442
46137
46825
47497
48183
48862
49541
50214
50911
51602
52291
52979
53656
54335
55009
55681
56346
57005
57672
58331
58980
59636
60288
