559
1336
2141
2830
3830
4613
5446
6227
7042
7825
8614
9389
10171
10928
11687
12411
13139
14044
14725
15663
16483
17162
18047
18798
19560
20340
21168
21976
22800
23592
24369
24808
25884
26519
27261
28124
29026
29995
31003
31852
32659
33433
34179
34931
35662
36410
37147
37866
38589
39299
40003
40689
41370
41995
42738
43403
44095
44767
45462
46157
46845
47517
48203
48883
49558
50240
50937
51619
52313
53003
53678
54354
55029
55697
56364
57035
57694
58350
58997
59657
60311
