528
1303
2069
2803
3733
4579
5379
6166
6966
7755
8552
9332
10106
10879
11631
12328
13102
13986
14694
15599
16422
17124
17978
18755
19493
20282
21111
21943
22748
23539
24314
24731
25842
26495
27229
28047
28998
29922
30975
31819
32596
33404
34120
34897
35625
36346
37087
37804
38528
39243
39946
40623
41318
41900
42681
43350
44028
44714
45407
46102
46785
47467
48145
48821
49498
50179
50872
51570
52260
52945
53621
54298
54965
55643
56311
56970
57631
58298
58935
59601
60253
