998
1690
2480
3393
4192
4964
5855
6592
7443
8188
9042
9749
10519
11364
11920
12864
13614
14437
15247
16091
16867
17639
18433
19162
19915
20703
21611
22361
23156
23962
24753
25086
26227
26901
27630
28568
29389
30387
31425
32231
33078
33836
34650
35290
36097
36782
37507
38301
38959
39670
40390
41034
41727
42458
43085
43836
44451
45131
45797
46555
47196
47857
48591
49228
49933
50612
51317
51979
52737
53338
54012
54723
55380
56113
56731
57367
58040
58690
59345
60004
60734
