1013
1758
2564
3408
4212
5034
5872
6655
7456
8221
9049
9824
10601
11370
11966
12905
13681
14470
15264
16101
16910
17708
18473
19219
20002
20779
21619
22428
23237
24032
24799
25095
26258
26941
27700
28576
29487
30454
31465
32277
33101
33882
34671
35374
36108
36844
37583
38306
39034
39734
40426
41130
41809
42499
43153
43847
44522
45207
45894
46580
47268
47951
48629
49298
49998
50664
51357
52045
52751
53428
54112
54788
55456
56124
56783
57456
58114
58763
59419
60090
60748
