609
1152
1813
2507
3177
nan
4487
5411
6169
6809
7389
7990
8690
9351
9949
10489
11089
11770
12489
13149
nan
nan
15130
16005
16670
17272
17903
18530
19148
nan
nan
20927
21668
22528
23204
23846
nan
nan
25765
26363
nan
nan
28320
28923
nan
nan
30786
31381
31897
32470
32953
nan
nan
nan
35043
nan
36058
36579
nan
37573
38056
38593
39121
39639
40175
40714
41278
41879
42452
43000
43560
nan
nan
45356
45938
46500
47037
47600
48178
nan
49299
49840
50376
50939
51580
52121
52678
53278
nan
54463
nan
55566
56106
nan
nan
57769
58327
nan
59404
59960
nan
