460
1006
1696
2264
2942
3647
4263
5281
6019
6662
7262
7761
8421
9101
9798
10399
10980
11541
12241
12901
13521
14222
14881
15860
16439
17124
17777
18361
19003
19598
20173
20679
21406
22361
22981
23619
24301
24938
25537
26139
26857
27395
28076
28757
29359
29974
30535
31236
31754
32331
nan
nan
nan
34330
34871
35390
35920
36428
36927
37328
37926
38435
38973
39503
40104
40567
41127
41725
42302
42854
43389
44002
44569
45211
45867
46269
46885
47468
47929
48588
49150
49719
50173
50786
51369
51915
52530
53085
53671
54308
54892
55317
55912
56454
57058
57654
58118
58719
59196
59736
60434
