565
1115
1773
2467
3128
3760
4443
5375
6127
6766
7352
7957
8645
9308
9900
10473
11051
11723
12447
13099
13713
14336
15089
15965
16622
17233
17856
18486
19114
19708
20279
20886
21618
22477
23153
23801
24472
25118
25710
26309
26921
27615
28269
28875
29479
30080
30706
31326
31880
32419
32903
33465
33975
34480
34988
35506
36019
36527
37027
37520
38021
38539
39069
39598
40124
40662
41226
41819
42401
42953
43497
44066
44683
45317
45892
46439
46985
47544
48112
48683
49245
49786
50334
50885
51474
52060
52633
53220
53825
54411
54973
55519
56058
56604
57165
57721
58276
58822
59362
59919
60503
