551
1101
1761
2455
3115
3748
4430
5364
6114
6752
7339
7942
8618
9294
9886
10460
11038
11697
12433
13086
13700
14322
15076
15953
16608
17220
17842
18460
19100
19693
20264
20860
21592
22463
23140
23788
24458
25103
25697
26295
26906
27588
28256
28862
29464
30065
30678
31292
31870
32335
32807
33451
33960
34466
34964
35481
35994
36504
37013
37506
37999
38516
39046
39577
40111
40639
41203
41794
42376
42929
43474
44041
44657
45291
45868
46416
46962
47520
48088
48658
49221
49764
50310
50862
51451
52036
52611
53196
53801
54385
54950
55505
56035
56581
57140
57696
58252
58808
59347
59896
60477
