726
1263
1803
2541
3163
3924
4522
5442
6219
6842
7401
8122
8680
9384
9938
10582
11103
11762
12481
13141
13782
14402
15120
16022
16661
17281
17938
18559
19158
19878
20359
20960
21696
22520
23219
23855
24657
25295
25777
26376
26996
27697
28333
28955
29634
30235
30736
31575
31927
32498
33248
33564
34011
34650
35027
35673
36069
36685
37187
37630
38068
38670
39110
39848
40191
40769
41264
41970
42570
43127
43534
44241
44849
45405
46049
46608
47131
47709
48169
48732
49288
49949
50472
50927
51513
52234
52687
53390
53872
54448
55128
55556
56092
56713
57315
57756
58313
58976
59517
59976
60616
