809
1492
2208
2950
3721
4483
5293
6123
6965
7779
8603
9423
10250
11061
11879
12689
13512
14315
15122
15950
16806
17677
18536
19411
20283
21162
22001
22869
23737
24619
25473
26346
27220
28102
28938
29771
30616
31467
32360
33167
33973
34773
35562
36322
37049
37776
38482
39180
39849
40530
41202
41881
42564
43248
43958
44682
45444
46220
47015
47814
48630
49454
50254
51049
51841
52629
53395
54177
54975
55795
56622
57469
58320
59173
59995
