471
1321
1841
2632
3350
4136
5121
5955
6786
7440
8276
9057
10079
10699
11508
12347
13342
13949
14953
15596
16625
17499
18186
19232
20107
20982
21826
22692
23562
24440
25294
26169
27043
27922
28755
29594
30440
31291
32154
32859
33831
34439
35197
36144
36872
37483
38136
38842
39533
40356
40853
41712
42395
42942
43790
44348
45078
45852
46842
47646
48464
49281
50081
50878
51671
52262
53227
53832
54810
55618
56454
57304
58149
58997
59819
