727
1418
2130
2868
3638
4408
5220
6046
6885
7703
8531
9351
10172
10978
11797
12615
13434
14240
15049
15872
16729
17600
18457
19335
20208
21080
21924
22793
23662
24540
25395
26270
27143
28022
28857
29695
30541
31394
32271
33092
33900
34702
35485
36244
36969
37697
38407
39100
39768
40455
41131
41807
42488
43169
43881
44606
45367
46143
46937
47740
48557
49371
50174
50974
51766
52547
53319
54103
54900
55717
56548
57396
58245
59092
59914
