874
1513
2179
2856
3550
4225
4884
5565
6253
6916
7573
8255
8983
9651
10293
10965
11655
12296
12949
13628
14281
14954
15663
16335
16970
17620
18294
18957
19624
20297
20942
21584
22240
22881
23492
24149
24914
25624
26281
26912
27612
28290
29012
29727
30400
31088
31788
32451
33122
33784
34422
35081
35725
36334
36941
37541
38140
38714
39292
39882
40473
41047
41620
42190
42740
43283
43834
44397
44942
45479
46031
46612
47220
47791
48380
48995
49588
50200
50837
51480
52083
52690
53299
53901
54487
55076
55639
56199
56774
57371
57987
58629
59298
59978
60626
