574
1434
2014
2795
3513
4294
5054
5813
6594
7377
8310
8875
9575
10356
11116
11896
12695
13415
14215
14895
15635
16396
17175
17936
18657
19416
20215
20935
21695
22435
23216
23976
24916
25555
26356
27397
27996
28816
29596
30335
31116
31897
32657
33497
34337
35097
35778
36538
37279
37978
38699
39539
40339
41140
41899
42679
43460
44240
45021
45761
46561
47361
48121
48902
49662
50362
51083
51863
52623
53443
54343
55103
55943
56743
57603
58383
59145
60044
