779
1676
2709
3367
4345
5178
5886
6780
7600
8421
9191
10023
10813
11426
12367
13039
13834
14762
15610
16414
17006
17720
18365
19108
20109
21047
22063
23011
23996
24984
25895
26704
27538
28364
29188
30039
30700
31586
32334
32956
33681
34420
35144
35752
36369
36974
37584
38194
38793
39399
40014
40646
41258
41864
42472
43087
43704
44323
44954
45621
46144
46855
47592
48478
49223
49953
50616
51392
52061
52625
53308
54175
54802
55574
56259
57190
57928
58664
59394
60108
60801
