1116
1981
2851
3680
4518
5348
6169
6953
7772
8587
9363
10186
10982
11743
12544
13341
14124
14934
15784
16586
17288
18006
18705
19420
20287
21224
22246
23196
24171
25158
26069
26882
27707
28540
29367
30215
30987
31757
32506
33276
33999
34669
35315
35926
36542
37146
37759
38365
38958
39567
40182
40811
41424
42027
42632
43250
43867
44485
45117
45785
46477
47170
47883
48639
49389
50121
50828
51556
52223
52899
53593
54342
55099
55836
56584
57354
58096
58828
59559
60274
nan
