1432
2317
3186
4007
4868
5688
6518
7288
8105
8934
9703
10527
11314
12080
12886
13674
14463
15264
16119
16919
17608
18265
19016
19745
20637
21575
22584
23536
24529
25509
26425
27225
28057
28891
29714
30555
31235
32016
32740
33616
34313
34981
35641
36268
36876
37467
38056
38666
39256
39867
40485
41096
41707
42322
42936
43533
44152
44787
45396
46091
46782
47477
48183
48940
49690
50415
51137
51855
52539
53205
53902
54641
55408
56144
56919
57652
58402
59148
59867
60585
nan
