974
1675
2389
3105
3836
4562
5298
6009
6723
7444
8146
8813
9483
10175
10915
11651
12380
13080
13776
14479
15193
15943
16708
17456
18208
18954
19698
20453
21216
21980
22748
23457
24143
24836
25517
26276
26988
27644
28257
28920
29578
30217
30900
31536
32197
32826
33447
34060
34657
35270
35889
36517
37135
37760
nan
nan
39585
40181
40763
41342
41918
42491
43044
43601
nan
44704
45309
45896
46476
nan
nan
nan
49185
nan
nan
nan
nan
nan
nan
nan
nan
nan
56179
56939
57546
nan
nan
59480
nan
