668
1331
1927
2542
3184
3811
4438
5068
5706
6333
6968
7602
8247
8886
9530
10184
10728
11449
12094
12730
13389
14007
14651
15272
15915
16566
17192
17835
18470
19129
19771
20426
21046
21671
22312
22950
23596
24245
24867
25496
26147
26785
27410
28066
28705
29351
29992
30648
31269
31909
32512
33181
33782
34403
35029
35626
36165
36866
37478
38088
38685
39304
39905
40507
41113
41687
42305
42912
43491
44105
44703
45288
45870
46467
47049
47628
48227
48826
49409
50009
50596
51193
51788
52389
53000
53585
54175
54788
55396
55973
56587
57192
57775
58376
58965
59574
60189
60772
61376
