797
1423
2053
2681
3309
3939
4569
5199
5830
6464
7101
7738
8375
9018
9660
10301
10941
11583
12222
12860
13497
14134
14769
15405
16042
16679
17318
17965
18608
19251
19894
20536
21176
21815
22453
23089
23726
24363
25001
25636
26274
26911
27549
28186
28826
29470
30114
30758
31399
32039
32668
33288
33909
34528
35145
35762
36376
36990
37602
38211
38818
39425
40030
40631
41231
41833
42431
43024
43620
44215
44808
45398
45990
46581
47171
47758
48345
48940
49533
50128
50720
51315
51913
52511
53109
53706
54305
54905
55503
56102
56703
57301
57899
58496
59094
59693
60292
60892
61490
