977
1616
2233
2861
3497
4156
4781
5417
6039
6680
7297
7919
8580
9159
9871
10498
11116
11779
12420
13061
13702
14298
14975
15598
16221
16900
17498
18177
18757
19454
20094
20736
21379
22021
22641
23301
23938
24556
25217
25814
26476
27119
27759
28360
29035
29679
30303
30956
31601
32210
32873
33489
34114
34715
35294
35973
36575
37194
37813
38415
38995
39633
40235
40834
41413
42033
42625
43216
43836
44398
45013
45572
46197
46755
47359
47960
48542
49138
49718
50339
50919
51518
52111
52697
53300
53918
54520
55103
55699
56241
56925
57491
58119
58683
59303
59905
60473
61104
nan
