859
1515
2215
2975
3736
4543
5318
6041
6841
7644
8376
9142
nan
10603
11301
12003
12640
13362
14022
14681
15382
16062
16702
17323
17961
18603
19241
19863
nan
nan
21902
22561
23242
23963
24723
nan
26223
26962
27725
28504
29226
29946
30745
31586
nan
33304
34045
34744
35504
36242
37087
37968
38847
39724
40563
41446
42264
43066
43805
44586
45386
46166
nan
47787
nan
49345
50145
50965
51725
52447
nan
54007
54807
55568
56188
56907
57607
58350
