350
1005
1723
2443
3184
3965
4911
5692
6374
7112
8033
8651
9391
10092
10931
11450
12169
12849
13528
14190
14888
15492
16212
16853
17471
18110
18712
19391
19991
20651
21370
22030
22691
23391
24150
24911
25652
26451
27194
27974
28654
29375
30334
31011
31915
32813
33534
34373
34993
35713
36555
37572
38455
39175
40214
41011
41894
42513
43334
44014
44957
45574
46394
47375
48035
48992
49773
50415
51114
51975
52675
53475
54256
54976
55677
56414
57096
57837
