934
1756
2552
3341
4093
4859
5674
6443
7192
7957
8729
9501
10275
11051
11832
12614
13402
14194
14973
15767
16563
17369
18165
18990
19826
20675
21529
22392
23237
24066
24864
25652
26423
27206
27991
28774
29606
30477
31361
32173
33267
33674
34407
35135
35874
36636
37397
38147
38889
39646
40428
41222
42020
42803
43570
44340
45110
45893
46659
47422
48191
48948
49722
50493
51284
52081
52873
53674
54483
55287
56071
56866
57665
58466
59270
60072
