910
1733
2528
3318
4069
4834
5650
6418
7167
7932
8705
9476
10250
11027
11808
12589
13377
14170
14949
15743
16539
17345
18141
18965
19802
20650
21505
22368
23213
24041
24840
25627
26398
27181
27967
28750
29581
30452
31336
32149
nan
33519
34382
35111
35849
36611
37371
38122
38863
39621
40403
41196
41994
42778
43546
44315
45086
45869
46634
47396
48168
48924
49697
50467
51258
52057
52849
53649
54458
55262
56047
56840
57640
58442
59246
60048
