1056
1891
2747
3604
4491
5260
6042
6788
7629
8503
9346
10260
11120
11996
12867
13668
14519
15375
16239
17136
18037
18901
19771
20622
21457
22313
23176
23930
24811
25703
26519
27394
28156
28980
29780
30613
31386
32098
32823
33497
34158
34883
35505
36161
36847
37469
38123
38766
39409
40047
40664
41294
41908
42547
43162
43781
44401
45041
45670
46375
46996
47670
48366
49127
49749
50526
51114
51877
52421
53073
53711
54348
54983
55619
56238
56869
57500
58128
58767
59404
60045
60692
