737
1600
2460
3313
4194
4962
5726
6505
7327
8191
9073
9961
10828
11689
12540
13376
14211
15068
15954
16845
17739
18617
19495
20337
21183
22025
22845
23657
24489
25345
26230
27072
27872
28679
29500
30311
31126
31831
32541
33229
33899
34554
35217
35886
36549
37200
37852
38498
39141
39778
40402
41028
41654
42280
42903
43523
44145
44780
45416
46073
46733
47416
48107
48801
49495
50172
50870
51524
52170
52812
53453
54088
54721
55357
55982
56610
57243
57872
58510
59149
59793
60438
