1086
1902
2761
3627
4498
5267
6055
6800
7642
8529
9377
10281
11135
12018
12885
13684
14527
15396
16244
17149
18052
18920
19790
20637
21465
22325
23183
23943
24832
25713
26536
27419
28165
29001
29798
30627
31400
32107
32845
33515
34188
34914
35526
36197
36865
37478
38137
38781
39452
40073
40711
41307
41915
42589
43193
43794
44439
45070
45682
46386
47013
47706
48388
49140
49785
50551
51129
51895
52463
53088
53734
54373
55010
55652
56260
56887
57512
58163
58798
59437
60078
60715
