658
1535
2365
3185
4095
4873
5492
6267
7090
7939
8977
9843
10756
11429
12470
13186
13951
14968
15703
16758
17648
18364
19414
20259
20927
21773
22709
23400
24391
25078
26017
26983
27621
28408
29370
30046
30982
31622
32292
32945
33790
34363
35084
35672
36369
37093
37637
38293
39042
39591
40329
40932
41450
42190
42814
43434
44081
44691
45201
45857
46535
47217
47909
48559
49401
49907
50727
51375
52089
52641
53253
53891
54552
55187
55710
56408
57155
57808
58418
59056
59522
60265
