582
1391
2127
2883
3470
4370
5102
5874
6568
7319
7932
8669
9392
10283
10994
11724
12392
13139
13945
14722
15425
16075
16860
17665
18427
19134
19976
20724
21485
22149
23009
23688
24446
25107
25925
26546
27341
28059
28759
29536
30340
30996
31498
32395
33166
nan
34360
35342
35970
36629
37361
38051
38649
39400
40082
40705
41434
42083
42713
43347
44114
44757
45336
46009
46660
47423
48093
48805
49435
nan
50752
51478
52300
53066
53760
54367
55178
55835
56485
57085
57802
58476
59330
59938
60701
61478
62137
