725
1490
2248
3051
3750
4491
5228
5965
6702
7426
8151
8883
9628
10384
11071
11859
12595
13338
14077
14815
15557
16310
17065
17827
18588
19346
20103
20854
21596
22336
23074
23814
24541
25257
25997
26739
27484
28218
28956
29699
30447
31172
31878
32588
33290
nan
34702
35359
36102
36803
37495
38177
38855
39529
40212
40890
41563
42229
42901
43562
44234
44902
45568
46235
46893
47548
48213
48898
49595
50306
51018
51725
52426
53119
53825
54529
55238
55930
56616
57305
58004
58715
59427
60131
60832
61540
62263
