687
1597
2675
3316
4183
4955
5752
6518
7313
8112
9073
9852
10737
11523
12374
13262
14044
14842
15744
16543
17387
18025
18832
19455
20169
20967
22024
22729
23649
24525
25373
26228
27037
27913
28745
29493
30276
30996
31792
32600
33378
34153
34922
35647
36359
37039
37733
38383
39074
39752
40446
41122
41818
42430
43076
43671
44296
44998
45743
46584
47401
48287
49087
49628
50022
50651
51358
52107
52824
53645
54407
55259
55990
56787
57589
58316
59035
59827
