426
427
414
420
427
431
424
411
422
422
418
429
425
419
423
426
421
423
415
415
418
415
421
417
421
424
426
424
414
419
420
429
417
412
410
427
435
435
431
421
424
428
434
418
423
421
426
423
430
424
417
430
426
428
428
425
415
435
423
422
425
433
440
431
432
429
436
440
436
430
428
435
435
439
431
440
434
426
427
434
427
428
432
430
427
441
436
433
436
430
433
424
433
432
515
430
432
431
436
434
429
436
425
428
423
413
419
422
417
423
417
426
