678
1247
1810
2382
2958
3529
4085
4638
5198
5772
6349
6906
7442
7972
8502
9050
9622
10187
10758
11340
11939
12549
13140
13738
14346
14963
15564
16136
16703
17265
17832
18385
18932
19478
20030
20576
21101
21617
22127
22643
23171
23721
24270
24807
25344
25884
26437
26998
27540
28076
28614
29157
29700
30236
30770
31317
31885
32420
32955
33479
34004
34528
35043
35542
36032
36520
37009
37502
37997
38487
38974
39461
39950
40451
40964
41475
41981
42487
43000
43528
44065
44589
45111
45631
46156
46689
47215
47728
48240
48752
49280
49823
50359
50895
51298
51994
52530
53071
53595
54119
54643
55184
55747
56299
56859
57431
58022
58624
59199
59764
60316
60871
