928
1498
nan
2677
3122
3775
4335
4808
nan
5943
6631
7155
7736
nan
8790
9215
9923
10439
nan
11511
12107
12808
13402
nan
14516
nan
15814
16393
16999
17559
18017
18635
nan
19642
20199
20862
21258
21862
22378
22802
nan
23878
24519
25066
25520
26054
nan
27245
27788
nan
nan
29332
nan
30484
nan
nan
nan
32661
nan
33644
34167
34696
35287
35791
36287
36812
37305
37796
38243
38729
39224
39618
40114
40610
nan
41710
42221
42649
43167
43693
44304
44836
45283
45779
46454
46855
47453
47973
48530
48925
49441
50069
50599
51068
51525
52162
nan
53314
53842
54287
nan
nan
55987
56549
57029
57724
nan
58866
59446
nan
60609
61031
