533
1210
1677
2235
2936
3430
4037
4536
5215
5670
6244
6752
7424
7930
8447
8994
9530
10085
10663
11228
11789
12395
12995
13603
14183
14806
15528
16004
16679
17164
17698
18284
18800
19372
19922
20550
20950
21565
22094
22660
23113
23616
24216
24666
25290
25835
26389
26947
27491
27976
28558
29104
29602
30208
30734
31184
31746
32369
32940
33454
33951
34375
34989
35451
35981
36470
36873
37451
37943
38433
38954
39351
39925
40426
40833
41424
41935
42389
42954
43433
43908
44563
45013
45600
46011
46530
47175
47694
48210
48768
49229
49772
50223
50766
51218
51889
52419
53035
53543
54075
54623
55076
55591
56276
56710
57319
57872
58514
59102
59625
60153
60820
