520
1204
1660
2220
2922
3394
4025
4508
5160
5636
6204
6746
7414
7915
8435
8985
9479
10053
10611
11204
11777
12376
12982
13578
14174
14795
15508
15990
16668
17129
17678
18245
18781
19338
19893
20536
20939
21552
22085
22601
23103
23565
24205
24656
25276
25821
26365
26934
27474
27943
28548
29093
29561
30199
30723
31172
31715
32359
32925
33444
33932
34362
34976
35408
35971
36461
36850
37435
37934
38427
38943
39328
39912
40412
40814
41420
41928
42362
42945
43396
43900
44552
44976
45591
46002
46518
47162
47685
48201
48713
49221
49761
50211
50753
51210
51870
52394
53028
53535
54063
54608
55057
55575
56263
56698
57290
57856
58493
59055
59605
60145
60808
