260
1057
1744
2425
3263
3978
4803
5507
6263
7135
7949
8604
9307
10080
10657
11265
11958
12667
13480
14186
nan
15864
16462
17235
17958
18780
19438
20080
20724
21281
22140
22902
23516
24354
24942
25790
26497
27201
27877
28609
29332
30042
30662
nan
32110
nan
33441
34044
34748
35415
36031
36575
37301
37905
nan
39123
39717
40347
40909
41513
42040
42607
43308
43987
44572
45306
45805
46524
47138
47785
48451
49134
49712
50371
50985
51630
52156
52754
53331
53893
54464
55095
55774
56378
56943
57652
58300
58853
59541
60197
60830
61454
62034
62666
63264
