346
1080
1818
2566
3355
4137
4911
5710
6462
7210
7972
8709
9423
10103
10752
11393
12053
12762
13535
14330
15110
15888
16698
17461
18183
18856
19525
20183
20827
21503
22245
22958
23686
24451
25170
25898
26615
27296
27984
28704
29395
30098
30821
31038
32231
32898
33542
34196
34849
35496
36131
36771
37400
38009
38620
39222
39818
40405
41001
41609
42218
42839
43458
44078
44726
45377
46025
46687
47347
47977
48609
49233
49854
50473
51086
51685
52273
52852
53428
54017
54633
55255
55874
56481
57107
57751
58385
59026
59648
60280
60907
61525
62144
62767
63368
