664
1434
2178
2911
3609
4323
5059
5808
6529
7243
7941
8626
9304
9996
10703
11425
12165
12891
13612
14351
15080
15798
16526
17243
17942
18643
19346
20064
20779
21483
22218
22926
23596
24288
24969
25640
26309
27005
27690
28364
29067
29755
30447
31131
31788
32406
33077
33665
34247
34831
35391
35958
36505
37058
37602
38161
38715
39261
39822
40367
40941
41479
42037
42581
43135
43717
44297
44879
45486
46161
46836
47557
48273
49008
49729
50424
51099
51745
52400
53057
53713
54397
55075
55798
56478
57144
57796
58424
59063
59695
60331
60943
61562
