803
1562
2253
3057
3744
4452
5189
5923
6651
7376
8058
8758
9446
10130
10821
11561
12309
13025
13760
14491
15203
15931
16661
17375
18079
18764
19484
20194
20895
21609
22339
23034
23736
24289
25036
25772
26426
27131
27820
28501
29203
29872
30624
31286
31895
32572
33156
33797
34379
35002
35413
36118
36607
37219
37746
38326
38799
39423
39939
40479
41038
41639
42156
nan
43212
43884
44456
45012
45633
46309
46940
47724
48330
49134
49841
50560
51221
51875
52557
53222
53853
54397
55239
55796
56620
57164
57888
58553
59210
59817
60422
61073
61689
