609
1158
1735
2381
3081
3585
4340
4855
5475
6230
6969
7631
8355
9068
9799
10467
11128
11773
12463
13112
13622
14358
14914
15620
16253
16918
17707
18274
18853
19549
20060
20662
21355
21921
22446
23126
23724
24332
24929
25671
26316
26821
27570
28177
28780
29278
29985
30456
31111
31804
32361
32966
33415
34009
34689
35107
35692
36379
36806
37466
37922
38578
39117
39665
40112
40623
41283
41805
42244
42782
43371
43784
44368
45044
45514
46192
46709
47452
47942
48537
49178
49889
50433
51010
51469
52113
52661
53193
53626
54249
54696
55296
55708
56334
56904
57431
57849
58358
59049
59504
60042
60683
