514
529
533
513
509
516
539
558
521
539
500
505
549
513
456
648
510
489
481
518
521
533
534
510
512
513
597
569
509
519
514
480
547
547
529
522
518
513
511
540
519
509
527
530
521
505
544
538
525
532
434
609
639
524
498
497
526
525
543
513
523
515
531
524
710
496
467
519
497
498
490
655
494
492
515
514
509
562
615
510
496
493
539
525
503
538
519
602
518
470
479
555
533
512
497
524
574
534
516
556
508
502
