730
1342
1958
2585
3219
3831
4446
5064
5715
6380
7075
7824
8568
9308
10015
10688
11337
11976
12591
13209
13825
14468
15112
15775
16465
17146
17802
18445
19076
19687
20285
20879
21470
22063
22664
23280
23903
24535
25178
25807
26434
27068
27685
28296
28910
29523
30117
30710
31304
31907
32494
33076
33651
34219
34777
35337
35903
36470
37028
37582
38138
38693
39241
39783
40323
40860
41392
41917
42439
42966
43498
44029
44575
45147
45738
46330
46946
47573
48186
48782
49382
49978
50562
51128
51686
52238
52777
53307
53833
54360
54884
55406
55933
56463
56998
57531
58060
58591
59135
59683
60233
60789
