778
1390
2009
2629
3269
3884
4486
5106
5757
6433
7129
7867
8617
9349
10059
10738
11375
12033
12634
13254
13863
14510
15161
15820
16515
17194
17844
18505
19123
19737
20338
20936
21509
22104
22713
23340
23944
24587
25224
25851
26474
27106
27735
28339
28958
29575
30159
30756
31357
31967
32536
33113
33710
34281
34825
35390
35958
36520
37079
37624
38186
38739
39281
39821
40362
40904
41433
41956
42502
43009
43552
44071
44616
45203
45787
46378
46993
47621
48249
48828
49430
50034
50609
51172
51733
52289
52814
53345
53875
54400
54923
55448
55975
56509
57061
57573
58106
58651
59179
59724
60287
60828
