nan
1552
2232
2842
3481
4048
4664
5267
5914
6590
7284
8056
8790
9539
nan
10892
11614
12180
12812
nan
14071
14704
15354
nan
16704
nan
18055
18675
19292
19965
nan
nan
21698
22338
22926
23488
24136
nan
25396
26025
nan
27336
27921
nan
29139
29804
30334
30976
31549
32109
nan
33273
33847
34427
35051
nan
35985
36714
37256
37856
38359
38907
39455
40064
40530
41068
41628
42180
42718
43209
43721
44242
44777
45355
45956
46591
47173
47779
48405
48993
49593
50192
50769
51363
51898
52441
52995
53511
54044
54559
55097
55617
56153
56663
57202
57739
58287
58797
59349
59887
60446
nan
