nan
962
1614
2281
3006
3695
4509
4964
5600
6392
7038
8215
9194
10172
11217
12150
13195
14173
15044
15828
16507
17287
18032
18774
19518
20439
21119
22167
23092
23953
24800
25601
26274
26977
27886
28461
29256
30198
30871
31664
32288
33142
33856
34403
35205
35881
36446
37041
37843
38385
39109
39727
40301
40867
41459
42054
42622
43232
43821
44402
44999
45653
46474
46988
47720
48527
49066
49811
50404
51149
51851
52365
53085
53943
54530
55364
55968
56617
57524
58077
58830
59706
60456
