200
975
1620
2319
3013
3713
4521
4969
5607
6405
7050
8226
9206
10190
11231
12161
13232
14210
15074
15852
16516
17306
18060
18795
19528
20453
21127
22194
23112
23976
24814
25637
26288
26986
27906
28472
29264
30213
30878
31682
32302
33162
33866
34413
35220
35895
36469
37052
37863
38397
39122
39737
40318
40907
41508
42070
42671
43255
43844
44451
45006
45663
46494
47002
47731
48547
49075
49841
50421
51170
51857
52378
53103
53975
54536
55398
55981
56628
57534
58084
58845
59725
60469
