518
1233
1935
2630
3329
4032
4684
5296
5924
6572
7343
8361
9342
10356
11374
12391
13377
14334
15208
16037
16816
17576
18337
19094
19818
20606
21450
22339
23246
24116
24968
25772
26550
27308
28059
28808
29577
30371
31149
31873
32624
33328
34017
34701
35381
36057
36716
37371
38012
38649
39259
39873
40474
41066
41658
42246
42827
43391
43985
44594
45245
45928
46634
47337
48014
48674
49342
50003
50655
51311
51985
52681
53401
54108
54822
55538
56245
56951
57664
58400
59142
59874
60628
