467
1182
1880
2577
3276
3970
4612
5241
5861
6499
7292
8308
9288
10307
11324
12335
13323
14283
15155
15979
16766
17529
18283
19033
19774
20552
21397
22285
23191
24066
24913
25717
26498
27255
28006
28755
29521
30319
31095
31819
32561
33272
33962
34651
35330
36003
36667
37322
37965
38596
39211
39819
40422
41017
41609
42191
42770
43346
43935
44545
45194
45881
46584
47284
47963
48626
49284
49949
50602
51263
51932
52631
53346
54057
54767
55479
56190
56895
57613
58353
59091
59824
60573
