743
1422
2096
2770
3431
4080
4715
5359
5995
6621
7257
7885
8524
9177
9824
10481
11145
11810
12462
13111
13744
14360
14960
15562
16162
16779
17397
18024
18670
19337
20019
20669
21309
21945
22555
23158
23751
24344
24957
25602
26266
26940
27631
28306
28936
29559
30156
30741
31310
31867
32415
32956
33493
34032
34573
35113
35649
36187
36723
37256
37794
38344
38909
39514
40114
40719
41329
41949
42573
43181
43772
44348
44911
45469
46025
46588
47201
47914
48679
49430
50179
50887
51573
52227
52856
53473
54066
54651
55226
