700
1455
2197
2940
3699
4451
5182
5924
6669
7399
8130
8871
9606
10358
11109
11874
12604
13359
14120
14882
15619
16377
17117
17860
18585
19419
20044
20771
21511
22368
22974
23713
24461
25202
25961
26713
27476
28238
28997
29791
30562
31353
32262
32900
33629
34354
35038
35743
36409
37084
37755
38414
39085
39754
40412
41072
41728
42383
43028
43665
44312
44954
45586
46218
46847
47485
48126
48781
49445
50143
50836
51565
52292
53031
53768
54512
55235
55957
56667
57375
58047
58726
59398
nan
