563
1242
1919
2593
3252
3947
4426
5110
5861
6488
7010
7615
8390
9044
9593
10346
10865
11560
12169
12807
13610
14124
14777
15378
15980
16647
17154
17745
18536
19102
19780
20536
21065
nan
nan
22931
23575
nan
24739
25469
26024
26681
27372
28183
28803
29382
30023
30642
31158
31715
32228
32562
33361
33854
34443
34990
35412
36002
nan
37088
37677
38223
38814
39398
39995
40598
41212
41830
42314
43059
43544
44101
44740
45301
45906
46419
47035
47663
48508
49306
49961
50656
51357
52054
52684
53200
53802
54413
55053
