794
1478
2148
2821
3484
4136
4768
5410
6049
6676
7309
7939
8575
9231
9876
10532
11195
11865
12517
13164
13794
14409
15012
15612
16212
16830
17452
18078
18720
19390
20072
20721
21364
21988
22600
23216
23805
24393
25008
25653
26320
26993
27688
28361
29049
29613
30209
30792
31363
31918
32466
33007
33550
34088
34625
35164
35714
36238
36766
37316
37846
38403
38971
39572
40174
40780
41390
42005
42634
43240
43835
44396
44963
45522
46078
46638
47257
47968
48733
49485
50234
50939
51629
52276
52915
53535
54117
54699
55375
