767
1392
2021
2651
3279
3906
4538
5168
5800
6434
7069
7707
8344
8987
9627
10270
10910
11552
12190
12829
13466
14102
14738
15374
16010
16648
17286
17934
18577
19220
19863
20506
21144
21782
22422
23060
23695
24332
24970
25606
26243
26879
27518
28155
28796
29439
30083
30726
31365
32009
32639
33256
33877
34495
35115
35731
36344
36957
37570
38179
38787
39394
39998
40600
41201
41800
42401
42994
43590
44184
44778
45368
45959
46550
47140
47726
48313
48909
49502
50097
50689
51284
51882
52480
53080
53675
54274
54875
55472
56071
56673
57271
57868
58465
59065
59661
60261
60862
61460
