865
1490
2104
2748
3388
4028
4628
5287
5889
6529
7168
7829
8427
9090
9750
10376
10990
11651
12309
12931
13554
14189
14826
15489
16112
16793
17366
18042
18690
19311
19954
20587
21231
21870
22504
23212
23809
24433
25071
25733
26332
26991
27611
28246
28890
29527
30170
30836
31492
32105
32727
33363
33946
34604
35200
35820
36467
37047
37664
38267
38904
39485
40169
40686
41306
41886
42546
43128
43687
44307
44892
45468
46045
46693
47225
47804
48412
48988
49590
50195
50791
51415
51973
52603
53251
53792
54373
54973
55593
56151
56778
57357
57974
58553
59156
59760
60395
60959
nan
