1074
1700
2280
2916
3585
4214
4856
5460
6099
6740
7341
7982
8636
9296
9937
10576
11186
11860
12482
13140
13759
14358
15042
15663
16308
16955
17581
18221
18879
19524
20163
20783
21442
22099
22737
23362
24000
24637
25277
25897
26541
27179
27820
28449
29107
29758
30398
30985
31620
32330
32930
33516
34135
34798
35402
36034
36659
37269
37858
38479
39093
39658
40294
40881
41496
42096
42699
43255
43898
44479
45078
45663
46220
46853
47441
48004
48615
49182
49760
50380
50984
51599
52160
52782
53399
53943
54543
55164
55741
56365
56969
57565
58167
58762
59363
59951
60565
61182
nan
