352
918
1466
1988
2559
3142
3700
4506
5186
5868
6503
7152
7863
8556
9197
9834
10490
11028
11770
12414
13039
13710
14441
15187
15793
16433
17103
17760
18365
18891
19491
20138
20700
21263
21850
22407
23047
23715
24252
24970
25487
26228
26811
27367
27970
28524
29096
29625
30291
30871
nan
32055
32602
33179
33775
34464
35065
35634
36154
36740
37395
37976
38556
39100
39673
40210
40764
41336
41860
42433
42898
43531
44088
44543
45124
45814
46369
46947
47525
48076
48553
49170
49721
50280
50840
51386
51836
52481
53017
53562
54107
54652
55196
55779
56288
56757
57359
57912
58441
59023
59555
60028
60676
61219
