nan
1211
1803
2287
2820
3407
nan
4796
5468
6165
6826
7511
8207
8874
9475
nan
nan
11453
12062
12677
nan
14138
14839
15482
16111
nan
nan
18060
18690
19267
19871
20450
20975
21557
22124
nan
nan
24009
24672
nan
nan
nan
27068
27699
28210
nan
29285
30013
30494
31074
31667
32372
32868
33504
34110
34642
35297
35896
36525
37151
37673
38213
38798
39294
39848
40532
40961
41610
42172
42757
43281
43711
44258
44860
45531
46128
46725
47249
47777
48376
48919
49468
49957
50604
51077
51577
52224
52792
53268
53776
54346
54955
55437
56005
56594
57128
57637
58209
58739
59309
59825
60303
60820
nan
