632
1106
1985
2554
3377
4053
4579
5342
5913
6638
7298
7986
8804
9555
10174
10885
11613
12476
13107
13852
14413
15085
15749
16365
16989
17626
18119
18637
19210
20148
20702
21348
22043
22598
23117
23673
24142
24713
25386
25980
26459
27112
27707
28275
28772
29428
29888
30619
31107
31738
32372
33035
33627
34164
34853
35424
35957
36507
37041
37517
38120
38657
39177
39709
40220
40764
41230
41861
42291
42944
43480
44006
44538
44957
45444
46074
46609
47149
47710
48151
48808
49337
49887
50470
51030
51834
52449
52886
53603
54085
54638
55186
55756
56234
56830
57253
57920
58464
58983
59503
60035
60450
61110
61611
