559
1308
1931
2620
3257
3929
4716
5428
6268
7089
7835
8629
9382
10135
10862
nan
12457
13101
13743
14485
15199
15943
16773
17495
18384
18966
19654
20350
21068
21735
22423
nan
23702
24378
24974
25568
26261
26771
27380
27910
28504
29078
29659
30217
30874
31442
32096
32821
33583
34313
35088
35968
36566
37324
38045
38778
39449
40132
40796
41489
42149
42862
43614
44440
45285
45976
46836
47663
48617
49396
50299
51184
51966
52920
nan
54734
55730
56576
57390
58228
59090
60099
61008
nan
62929
nan
64688
65535
66296
67169
68067
