nan
1077
1774
2799
3467
4381
5079
6157
6802
7664
8429
9375
10041
10986
11709
12603
13306
14286
14911
15717
16481
17339
18114
19033
19744
20598
21364
22326
23028
23852
24650
25691
26341
27172
27913
28945
29604
30484
31264
32106
32758
33598
34323
35129
35719
36653
37507
38315
39090
39836
40763
41461
42353
43022
44013
44669
45515
46203
47286
47953
48731
49553
50575
51217
52110
52891
53906
54525
55434
56181
57136
57829
58728
59420
60336
