448
1308
1828
2623
3335
4126
5104
5927
6743
7428
8265
9042
10056
10689
11494
12335
13333
13944
14905
15587
16585
17457
18174
19189
20093
20971
21812
22680
23549
24426
25278
26125
27029
27880
28740
29575
30420
31271
32128
32845
33817
34428
35186
36106
36854
37466
38130
38830
39520
40343
40847
41695
42379
42908
43744
44331
45052
45826
46799
47632
48447
49236
50039
50862
51655
52251
53185
53826
54791
55601
56411
57253
58134
58956
59800
