1058
1739
2443
3190
3945
4719
5566
6393
7185
8022
8873
9709
10478
11304
12122
12931
13752
14570
15392
16181
17067
17914
18787
19687
20538
21380
22230
23139
24026
24872
25707
26603
27495
28374
29165
30021
30902
31744
32574
33376
34308
35023
35831
36579
37276
38066
38767
39418
40143
40807
41442
42133
42796
43472
44201
44943
nan
46454
47258
48097
48891
49683
50486
51322
nan
52839
53646
54448
nan
56031
56852
57733
58559
59408
nan
