136
739
1283
1975
2571
3026
3690
4154
4811
5361
5900
6410
6949
7449
7954
8501
8954
9445
9944
10468
10964
11473
11945
12479
13000
13534
14129
14710
15282
15838
16405
16936
17486
18010
18548
19092
19630
20168
20693
21220
21739
22237
22762
23257
23768
24266
24768
25278
25733
26183
26727
27341
27864
28365
28882
29425
29977
30584
31084
31767
32309
32843
33314
33897
34410
34872
35357
35835
36322
36813
37281
37745
38213
38679
39130
39585
40039
40507
40971
41355
41878
42480
42976
43481
43934
44473
44982
45475
45969
46464
46928
47409
47870
48323
48774
49220
49688
50130
50616
51127
51577
51984
52477
53082
53590
54094
54596
55089
55575
56062
56538
57031
57486
57952
58411
58883
59327
59783
60234
60679
61142
61582
62013
