553
547
537
540
539
529
542
551
528
540
558
543
547
539
557
551
551
553
552
550
547
545
536
534
547
540
535
538
537
546
542
539
537
541
541
549
533
554
552
539
542
529
552
547
547
543
562
564
556
558
550
538
552
533
541
539
543
551
534
535
541
542
544
544
540
506
558
570
560
555
553
554
527
532
529
551
555
559
555
531
549
543
545
547
539
533
543
557
545
551
547
549
541
548
555
550
554
553
550
551
550
535
531
560
550
542
550
549
549
541
547
553
534
553
555
568
536
523
527
566
564
555
550
