294
865
1443
2030
2612
3185
3748
4311
4870
5417
5955
6481
6997
7504
8006
8504
8999
9496
10001
10505
11011
11525
12027
12533
13048
13589
14175
14763
15339
15891
16440
16982
17524
18063
18601
19146
19691
20226
20752
21273
21793
22304
22811
23314
23821
24327
24829
25332
25841
26351
26874
27390
27908
28424
28941
29476
30029
30633
31226
31807
32367
32916
33444
33951
34447
34932
35414
35895
36380
36860
37332
37799
38263
38722
39179
39636
40093
40552
41018
41500
42011
42522
43032
43535
44033
44532
45030
45527
46018
46503
46982
47454
47917
48376
48828
49278
49729
50184
50651
51129
51620
52118
52626
53133
53639
54143
54644
55136
55627
56110
56591
57067
57537
58004
58466
58925
59383
59838
60290
60736
61182
61624
62065
