280
851
1428
2016
2597
3171
3734
4297
4856
5403
5940
6467
6983
7490
7992
8489
8983
9481
9985
10491
10997
11510
12013
12518
13033
13575
14160
14749
15325
15877
16425
16968
17509
18048
18586
19131
19675
20212
20737
21259
21779
22290
22796
23299
23807
24312
24815
25318
25824
26341
26860
27376
27894
28409
28926
29461
30015
30619
31213
31794
32353
32902
33430
33938
34433
34918
35399
35880
36365
36847
37318
37787
38249
38708
39166
39622
40079
40538
41004
41485
41998
42506
43017
43522
44019
44519
45016
45513
46005
46489
46968
47440
47904
48362
48815
49264
49714
50170
50636
51116
51606
52104
52612
53119
53624
54130
54630
55122
55613
56096
56578
57053
57524
57989
58452
58913
59369
59824
60276
60723
61168
61610
62051
