526
1197
1822
2483
3179
3920
4571
5204
5798
6733
7499
8191
8912
9672
10393
11037
11722
12426
13198
13865
14513
15297
16049
16744
17363
17953
18590
19237
19931
20540
21217
21900
22598
23237
23911
24630
25406
25978
26689
27392
28143
28814
29433
30101
30813
31481
32082
32741
33380
33924
34573
35181
35661
36414
37018
37626
38263
38689
39415
40005
40605
41222
41778
42395
43046
43787
44444
45175
45951
46709
47415
48115
48823
49479
50171
50868
51565
52227
52940
53669
54375
55106
55851
56597
57286
58000
58732
59451
60098
60774
61459
