506
1171
1787
2457
3150
3870
4527
5171
5760
6700
7476
8158
8849
9649
10358
11010
11687
12402
13173
13835
14487
15252
16017
16715
17334
17916
18568
19204
19891
20503
21157
21855
22570
23197
23865
24572
25374
25950
26658
27356
28088
28772
29389
30054
30786
31464
32061
32708
33358
33902
34543
35159
35627
36379
36974
37594
38235
38655
39388
39973
40551
41180
41738
42364
43012
43738
44402
45146
45924
46677
47382
48082
48786
49455
50137
50842
51537
52186
52880
53636
54348
55077
55822
56567
57258
57965
58695
59403
60067
60733
61392
