747
1475
2170
2905
3642
4366
5065
5792
6554
7273
7991
8727
9460
10160
10883
11613
12332
13022
13736
14460
15154
15834
16555
17271
17967
18686
19431
20143
20879
21616
22339
23078
23838
24570
25290
26021
26755
27460
28156
28863
29579
30285
30957
31617
32291
32959
33620
34277
34936
35590
36229
36870
37505
38139
38774
39403
40037
40665
41300
41928
42557
43202
43849
44495
45128
45751
46378
47011
47636
48266
48896
49534
50166
50810
51455
52100
52754
53411
54075
54740
55423
56091
56762
57437
58102
58757
59404
60055
