571
1284
1995
2714
3487
4180
4906
5629
6368
7086
7845
8569
9366
10003
10736
11430
12169
12860
13583
14282
14960
15686
16378
17095
17780
18523
19251
19876
20729
21458
22154
22839
23661
24368
25104
25859
26605
27283
28019
28618
29420
30114
30785
31425
32199
32686
33440
34119
34665
35444
36078
36596
37337
37988
38519
39180
39796
40580
41099
41780
42420
43059
43700
44342
44961
45599
46242
46855
47400
48103
48717
49441
50067
50663
51333
51958
52586
53260
53901
54571
55307
55901
56592
57263
57960
58584
59240
59884
