782
1510
2210
2942
3679
4402
5109
5827
6585
7299
8037
8767
9504
10207
10929
11655
12362
13057
13780
14495
15187
15870
16594
17309
18002
18738
19464
20185
20924
21655
22374
23115
23877
24603
25335
26057
26815
27496
28186
28906
29626
30413
30989
31644
32323
32985
33650
34318
34973
35663
36262
36899
37540
38178
38814
39446
40066
40704
41330
41957
42596
43238
43887
44524
45163
45782
46409
47045
47680
48304
48924
49579
50200
50847
51493
52145
52801
53445
54104
54780
55469
56123
56802
57480
58146
58785
59441
nan
