592
1343
2037
2782
3524
4226
4941
5657
6397
7129
7874
8604
9385
10029
10762
11465
12214
12894
13616
14334
15011
15730
16428
17124
17810
18546
19281
19896
20746
21482
22185
22860
23725
24418
25178
25885
26629
27346
28045
28641
29462
30137
30803
31478
32221
32719
33539
34142
34698
35461
36102
36634
37365
38021
38540
39199
39822
40598
41122
41800
42444
43082
43728
44364
44981
45640
46266
46879
47444
48140
48766
49463
50100
50685
51378
51982
52621
53281
53978
54602
55339
55979
56644
57303
57987
58646
59282
59945
