697
1500
2298
3096
3886
4657
5414
6178
6939
7681
8412
9148
9888
10627
11361
12111
12868
13611
14364
15125
15870
16612
17367
18115
18851
19600
20353
21111
21865
22625
23404
24187
24983
25776
26600
27437
28264
29073
29901
30711
31542
32228
32968
33670
34398
35117
35839
36578
37316
38048
38783
39528
40281
41025
41761
42500
43241
43975
44708
45447
46184
46921
47653
48398
49141
49881
50601
51321
52035
52749
53455
54154
54853
55547
56233
56918
57601
58289
58981
59666
60349
