846
1654
2452
3247
4035
4805
5562
6327
7087
7828
8559
9294
10037
10773
11510
12262
13017
13761
14513
15274
16018
16761
17517
18264
19001
19748
20501
21263
22017
22775
23557
24342
25135
25928
26751
27590
28413
29222
30052
30861
31638
32373
33096
33819
34550
35266
35989
36727
37463
38194
38929
39674
40427
41170
41904
42643
43383
44118
44852
45589
46326
47065
47796
48542
49284
50023
50744
51464
52178
52892
53596
54295
54993
55688
56376
57058
57743
58430
59122
59805
60490
