752
1452
2144
2830
3457
4091
4761
5409
6137
6818
7389
8163
8859
9476
10291
11010
11661
12327
12998
13677
14360
15062
15648
16427
17147
17857
18610
19337
20031
20703
21394
22095
22792
23492
24165
24873
25526
26216
26933
27650
28348
29007
29740
30489
31255
31919
32596
33352
33888
34478
35195
35770
36348
36910
37524
38113
38772
39304
40056
40673
41278
41899
42502
43149
43770
44261
44994
45532
46238
46838
47480
48108
48722
49340
49926
50576
51191
51806
52441
52959
53683
54283
54917
55520
56104
56728
57240
57859
58477
59102
59733
60385
60999
