nan
1896
2593
3273
3932
4569
5192
5875
6572
7272
7784
8639
9299
10058
10744
11427
12095
12786
13472
14152
nan
15496
16193
16876
17554
18324
19062
19787
20507
21173
21863
22530
23249
nan
24616
25139
25993
26650
27382
28115
nan
29492
30049
30951
31719
32465
33124
33819
34415
nan
35625
36217
36796
37393
37965
nan
nan
39835
40448
41073
41729
42300
42955
nan
44201
44822
45426
46060
46673
47271
47946
48547
49177
49772
50366
50997
51625
52260
52868
53484
nan
54754
55337
55802
56538
57154
57715
58296
58893
59527
60189
60759
61287
