796
1523
2175
2869
3509
4143
4791
5461
6180
6863
7417
8221
8916
9511
10342
11044
11715
12373
13054
13732
14421
15108
15688
16477
17181
17911
18669
19391
20085
20763
21512
22150
22851
23531
24217
24897
25590
26276
26993
27706
28449
29082
29797
30551
31305
31946
32624
33415
33927
34503
35243
35809
36375
36988
37575
38177
38820
39341
40080
40711
41332
41953
42564
43191
43807
44297
45042
45583
46276
46898
47542
48143
48747
49373
49954
50611
51221
51864
52485
53003
53719
54340
54961
55549
56163
56767
57316
57920
58522
59137
59766
60429
61067
