646
1389
2208
nan
4028
4951
5870
6692
nan
8270
9074
9854
10654
11493
12354
nan
14056
14937
15817
16656
17498
18339
19159
19997
20836
21680
22499
23317
24080
24860
25659
26500
27319
28181
29039
29902
30762
31600
32441
33263
34023
34782
35604
36425
37265
38166
39085
40026
40945
41867
42728
43568
44387
45208
46029
46810
47588
48371
49110
49912
50732
51572
52412
53230
54053
54874
55671
56475
57274
58074
58854
59656
60455
61255
62015
62796
63598
64418
65258
66098
66919
67699
68519
69340
70121
70901
71722
72542
73322
74144
74963
75805
76625
77426
78206
nan
