550
1287
2105
3007
3932
4851
5750
6592
7392
8176
8969
9754
10555
11399
12258
13094
13958
14834
15714
16562
17395
18227
19059
19904
20742
21573
22406
23222
23986
24761
25568
26388
27225
28082
28945
29799
30657
31508
32344
33153
33914
34686
35501
36321
37160
38060
38987
39924
40853
41762
42618
43461
44290
45118
45936
46717
47493
48266
49019
49807
50626
51464
52305
53136
53951
54780
55577
56383
57172
57974
58757
59549
60363
61157
61924
62697
63496
64311
65152
65998
66811
67608
68422
69238
70021
70812
71620
72437
73228
74035
74866
75705
76526
77322
78108
78912
