890
1628
2453
nan
4272
5183
6081
6941
nan
8511
9310
10095
10895
11740
12599
nan
14295
15181
16050
16895
17728
18568
19397
20240
21065
21917
22750
23560
24318
25096
25908
26719
27561
28421
29283
30130
30998
31846
32689
33482
34244
35019
35842
36641
37503
38398
39335
40255
41189
42097
42956
43798
44632
45453
46272
47052
47839
48602
49363
50144
50965
51798
52638
53478
54283
55119
55898
56719
57509
58317
59091
59884
60703
61480
62268
63025
63845
64655
65499
66335
67145
67946
68765
69579
70348
71152
71958
72764
73570
74376
75203
76043
76850
77660
78450
nan
