305
1026
1826
2927
3888
4568
5467
6331
7111
7912
8692
9473
10273
11154
12195
12815
13675
14556
15436
16297
17137
17978
18778
19638
20479
21298
22139
22959
23719
24479
25299
26340
26960
27800
28701
29540
30381
31241
32062
32882
33642
34423
35243
36042
36904
38004
38925
39645
40826
41486
42367
43187
44008
44869
45689
46449
47230
48010
48750
49530
50351
51212
52031
52871
53672
54512
55314
56113
56894
57694
58494
59275
60095
60895
61676
62456
63237
64037
64897
65718
66538
67339
68139
68960
69741
70561
71341
72161
72982
73762
74584
75443
76285
77065
77826
78666
