896
1636
2476
nan
4278
5198
6100
6962
nan
8522
9323
10103
10903
11764
12604
nan
14305
15186
16067
16907
17747
18588
19408
20248
21089
21929
22769
23569
24329
25110
25930
26730
27570
28430
29290
30150
31011
31851
32712
33492
34252
35033
35854
36654
37514
38415
39355
40275
41196
42117
42977
43818
44638
45458
46279
47059
47860
48620
49381
50160
50981
51821
52661
53502
54303
55143
55903
56723
57524
58324
59105
59905
60725
61486
62286
63046
63867
64668
65507
66348
67168
67969
68770
69590
70371
71171
71971
72772
73592
74394
75214
76054
76854
77675
78455
nan
