590
1298
2035
2767
3490
4237
4966
5708
6441
7173
7910
8647
9378
10107
10841
11585
12317
13071
13834
14581
15321
16029
16757
17513
18224
18926
19652
20361
21084
21807
22536
23252
23986
24710
25432
26159
26863
27540
28206
28903
29572
30265
30945
31668
32386
33109
33823
34534
35219
35886
36529
37198
37822
38486
39093
39729
40398
41074
41726
42392
43068
43731
44388
45064
45721
46398
47077
47768
48454
49153
49857
50553
51237
51934
52615
53294
53971
54660
55335
56033
56712
57419
58128
58808
59525
60244
60951
61647
62354
63061
63723
64424
65103
65789
66478
67139
67815
68471
69158
69850
70524
