328
1165
1828
2608
3268
4049
4808
5593
6429
7199
7974
8733
9496
10193
10920
11580
12339
12940
13725
14422
15259
16083
16745
17483
18183
19030
19800
20467
21206
22030
22672
23474
24136
24849
25507
26234
27057
27717
28473
29341
29939
30720
31505
32106
32878
33504
34090
34749
35446
36114
36695
37293
37865
38494
39113
39652
40259
40871
41473
42060
42743
43440
44090
44761
45504
46125
46807
47464
48185
48826
49508
50185
50830
51609
52333
52936
53517
54270
54871
55514
56335
56997
57676
58406
59057
59756
60426
61089
