928
1616
2311
3017
3780
4461
5222
6084
6834
7555
8385
9142
9820
10630
11334
12060
12722
13476
14227
14922
15565
16457
17149
17818
18621
19399
20127
20816
21624
22441
23151
23914
24539
25234
25887
26661
27440
28122
28934
29674
30403
31110
31903
32565
33250
33728
34387
nan
35860
36448
37055
37700
38311
38898
39478
40059
40697
41275
41867
42470
43194
43847
44491
45211
45900
46524
47149
47928
48582
49223
50002
50675
51323
52046
52683
53229
54034
54697
55358
56088
56710
57403
58083
58818
59513
60154
60806
nan
