951
1656
2352
3037
3831
4493
5232
6131
6878
7575
8415
9186
9835
10638
11339
12095
12749
13500
14244
14946
15579
16500
17186
17848
18626
19434
20170
20849
21630
22490
23192
23934
24555
25255
25892
26677
27466
28161
28942
29720
30442
31142
31927
32604
33262
33739
34571
nan
35892
36471
37074
37719
38325
38942
39526
40082
40710
41294
41916
42490
43214
43861
44507
45219
45925
46551
47159
47946
48607
49248
50024
50707
51347
52075
52699
53275
54056
54712
55395
56101
56734
57440
58102
58825
59530
60183
60826
nan
