992
1883
2722
3670
4509
5387
6240
7011
7772
8513
9261
10191
11198
12165
13120
14010
14912
15891
16749
17626
18511
19503
20373
21305
22207
23176
24055
24986
25901
26777
27644
28538
29493
30371
31208
32065
32919
33657
34358
35031
35761
36354
37012
37664
38320
38966
39608
40245
40880
41527
42183
42866
43539
44205
44919
45581
46327
47102
47869
48604
49362
50037
50764
51513
52288
53065
53878
54688
55443
56271
57089
57858
58576
59363
nan
