892
1624
2389
3073
3807
4519
5198
6011
6851
7657
8453
9192
9899
10600
11330
12023
12791
13610
14318
14982
15658
16381
17067
17863
18747
19531
20370
21229
21983
22761
23547
24289
25027
25803
26669
27426
28212
28989
29723
30507
31395
32188
32907
33619
34276
34876
35494
36170
36790
37390
38016
38673
39340
39946
40590
41262
41882
42498
43086
43673
44257
44824
45353
45941
46496
47119
47770
48440
49084
49659
50248
50860
51475
52050
52726
53411
54092
54728
55391
56061
56704
57320
57947
58581
59211
59796
60398
61047
