1112
1853
2617
3296
4009
4752
5421
6244
7092
7889
8686
9421
10131
10834
11564
12254
12984
13849
14554
15205
15889
16563
17305
18086
18977
19759
20616
21477
22184
22953
23784
24517
25248
26041
26904
27645
28438
29226
29936
30723
31574
32426
33141
33864
34453
35070
35683
36384
36968
37616
38233
38852
39504
40147
40768
41481
42117
nan
43197
43792
44473
44895
45571
46237
46707
47303
47959
48663
49313
49884
50472
51093
51649
52244
52921
53569
54330
54910
55577
56284
56926
57534
58128
58807
59428
60005
60585
61259
