964
nan
2277
2860
3459
4062
4666
5324
6033
6736
7351
7959
8606
9253
9941
10574
11182
11813
12559
13356
14108
14854
15601
16363
17070
17732
18389
19090
19856
20538
21199
21829
22435
23103
23877
24569
25200
25795
26401
26964
27601
28226
28780
29360
29965
30546
31187
31769
32367
32907
33483
34043
34568
35125
35656
36200
36757
37328
37863
38383
38864
39392
39942
40456
40957
41502
42003
42629
43403
44117
44741
45444
46201
46962
47719
48411
49103
49843
50542
51160
51783
52399
53129
53830
54515
55105
55657
56246
56964
57639
58321
59026
59714
nan
