1171
nan
2406
3082
3680
4230
4825
5535
6206
6931
7470
8136
8799
9408
10080
10721
11396
12002
12770
13560
14346
14921
15784
16526
17242
17903
18593
19310
19992
20699
21321
21979
22666
23348
24025
24738
25339
25955
26601
27136
27767
28453
29017
29524
29978
30785
31379
31985
32407
32975
33681
34159
34711
35275
35893
36273
36981
37412
37958
38510
39057
39614
40071
40674
41191
41674
42061
42847
43554
44293
44916
45635
46395
47147
47901
48573
49306
50016
50700
51315
51955
52645
53298
54005
54635
55210
55848
56474
57113
57846
58486
59165
59956
nan
