1200
nan
2448
3127
3700
4297
4865
5581
6223
6985
7531
8173
8857
9427
10105
10755
11424
12039
12819
13609
14379
14949
15818
16560
17272
17931
18647
19368
20046
20760
21381
22004
22708
23387
24053
24768
25386
25988
26636
27193
27832
28478
29045
29571
30006
30815
31410
32008
32474
33020
33722
34196
34736
35303
35928
36307
37009
37496
38001
38555
39081
39650
40135
40711
41235
41724
42114
42894
43574
44329
44951
45657
46427
47171
47927
48629
49342
50056
50744
51364
51990
52677
53332
54033
54655
55276
55873
56494
57138
57876
58554
59199
59995
nan
