655	664	701	898	878	924	1018	977	1083	1205	1267	530	428	776	438	560
1330	1349	1363	1568	1548	1594	1663	1648	1792	1870	1951	531	432	778	443	559
1982	1996	2014	2237	2216	2263	2347	2313	2465	2540	2551	534	436	783	439	559
2794	2835	2897	2899	2880	2925	3005	2974	3130	3201	3302	528	437	797	436	568
3366	3372	3391	3567	3550	3594	3679	3643	3801	3872	3949	528	441	829	422	568
4010	4028	4048	4242	4223	4267	4383	4318	4473	4542	4629	531	446	835	425	566
4685	4706	4730	4925	4907	4952	5043	5000	5154	5228	5291	531	443	832	428	561
5503	5548	5567	5612	5593	5637	5724	5687	5843	5914	5972	526	441	796	436	559
6065	6073	6085	6281	6259	6306	6370	6357	6503	6580	6648	533	430	768	448	555
6728	6741	6795	6921	6900	6947	7022	7008	7116	7220	7293	528	423	756	450	555
7481	7495	7559	7560	7540	7587	7685	7639	7787	7861	7936	528	425	762	446	571
7983	7997	8006	8205	8184	8231	8302	8281	8437	8504	8589	534	436	790	440	576
8643	8657	8673	8862	8843	8888	8997	8934	9095	9165	9258	529	437	807	430	575
9327	9347	9366	9587	9568	9613	9710	9663	9821	9890	9987	526	438	807	428	578
10306	10344	10402	10404	10384	10432	10534	10483	10642	10712	10785	518	431	777	438	569
10949	10958	10982	11204	11185	11230	11316	11282	11439	11510	11589	523	435	794	430	574
11862	11917	11923	11983	11965	12010	12114	12060	12225	12289	12380	528	443	825	427	566
12623	12664	12681	12731	12712	12756	12851	12802	12966	13036	13139	522	438	818	427	569
13405	13416	13465	13467	13448	13492	13590	13541	13700	13771	13848	525	444	802	440	566
13963	13974	14060	14187	14167	14213	14286	14266	14420	14494	14555	525	425	773	438	557
14799	14815	14828	14878	14859	14904	14986	14952	15108	15180	15251	530	445	810	438	568
15314	15333	15363	15544	15525	15570	15660	15619	15770	15848	15911	529	441	811	429	564
16080	16129	16152	16187	16168	16213	16316	16259	16409	16489	16551	530	445	814	437	570
16623	16631	16689	16812	16793	16838	16914	16886	17038	17111	17162	532	439	812	431	554
17373	17378	17397	17429	17411	17456	17539	17504	17652	17728	17783	525	438	816	443	564
17845	17858	17869	18055	18036	18082	18157	18133	18275	18355	18409	535	431	773	451	560
18466	18485	18556	18684	18664	18710	18820	18763	18908	18981	19054	532	428	781	441	553
19223	19272	19333	19334	19316	19360	19434	19408	19564	19636	19731	526	438	806	430	566
19766	19772	19785	20014	19995	20039	20148	20089	20247	20317	20403	530	441	827	426	568
20547	20557	20573	20769	20751	20795	20878	20847	21006	21076	21160	525	440	824	428	563
21495	21547	21568	21607	21588	21632	21720	21681	21846	21919	21993	523	439	802	435	568
22285	22301	22367	22368	22348	22394	22486	22443	22669	22674	22743	524	421	769	445	553
22982	22995	23018	23061	23040	23086	23176	23137	23290	23361	23427	524	422	752	451	570
23507	23513	23538	23739	23719	23766	23858	23818	23971	24040	24129	530	425	762	446	565
24217	24229	24287	24417	24396	24443	24539	24492	24648	24718	24825	524	427	788	433	574
24860	24894	24926	25106	25088	25132	25221	25183	25341	25410	25508	529	436	828	422	574
25634	25639	25678	25880	25862	25906	26000	25954	26117	26186	26290	523	439	844	419	571
26603	26635	26645	26702	26683	26727	26830	26776	26940	27014	27107	524	435	785	440	574
27187	27195	27213	27423	27403	27449	27540	27500	27650	27725	27823	531	425	766	442	560
27926	27950	27976	28158	28139	28185	28266	28233	28389	28463	28559	520	431	779	436	568
28660	28674	28708	28905	28885	28930	29026	28981	29145	29212	29314	527	436	788	433	571
29578	29626	29648	29694	29675	29720	29819	29770	29930	30003	30088	522	431	779	441	569
30206	30216	30250	30435	30414	30460	30549	30511	30667	30739	30811	524	429	767	445	565
30916	30932	30954	31172	31154	31197	31258	31246	31383	31481	31492	526	427	791	430	572
31674	31685	31701	31906	31888	31933	32022	31986	32210	32222	32318	536	438	833	426	567
32565	32577	32624	32625	32607	32651	32759	32705	32867	32929	33030	530	440	856	448	553
33265	33273	33284	33345	33324	33370	33466	33422	33572	33652	33713	512	414	772	427	552
33825	33834	33848	34011	33991	34037	34138	34093	34242	34328	34363	535	426	803	445	559
34595	34609	34636	34672	34653	34698	34827	34747	34879	34978	35065	520	427	818	419	551
35118	35128	35145	35325	35307	35351	35427	35401	35555	35636	35698	524	433	836	421	564
35771	35785	35843	35967	35948	35995	36128	36042	36155	36277	36336	535	442	803	438	552
36376	36398	36413	36593	36573	36620	36696	36670	36829	36893	36970	530	433	787	440	549
37005	37025	37037	37214	37194	37242	37336	37291	37449	37516	37593	528	434	802	438	557
37615	37630	37654	37829	37812	37858	37943	37909	38066	38134	38202	528	435	813	427	556
38394	38401	38449	38451	38432	38477	38580	38525	38686	38753	38819	537	454	849	440	567
38868	38876	38887	39085	39067	39112	39208	39157	39320	39391	39459	528	433	836	419	552
39647	39668	39724	39725	39707	39751	39847	39801	39960	40028	40093	526	440	842	427	561
40134	40145	40157	40377	40359	40403	40490	40450	40610	40680	40727	539	436	837	425	551
40752	40792	40805	41022	41003	41048	41125	41097	41229	41323	41358	536	437	801	446	549
41435	41449	41532	41652	41632	41678	41772	41730	41867	41950	42022	533	426	788	445	545
42168	42216	42269	42270	42251	42297	42391	42344	42489	42567	42637	529	419	778	436	561
42704	42720	42763	42892	42873	42920	43007	42968	43124	43195	43271	529	435	800	435	562
43321	43331	43340	43522	43505	43548	43652	43596	43754	43826	43907	532	439	838	429	574
43950	43964	44065	44194	44177	44220	44306	44263	44428	44498	44582	536	435	852	413	551
44886	44931	44951	44991	44974	45017	45134	45066	45225	45301	45382	518	435	845	417	552
45585	45592	45606	45787	45769	45812	45903	45863	46019	46097	46130	517	438	824	432	556
46301	46305	46343	46523	46504	46550	46630	46606	46747	46825	46893	526	429	787	447	554
46979	46986	47007	47231	47212	47258	47347	47307	47464	47532	47620	529	430	776	444	560
47696	47704	47738	47924	47905	47950	48042	48000	48158	48229	48305	528	433	801	435	564
nan	nan	nan	48619	nan	48645	48758	48689	48856	48926	49001	528	438	842	421	563
49076	49088	49101	49314	49296	49339	49454	49389	49551	49620	49701	533	440	856	419	562
49902	49942	49962	50007	49989	50033	50130	50079	50242	50312	50388	523	446	866	429	564
50517	50524	50569	50698	50680	50724	50812	50774	50920	51000	51061	524	434	849	417	548
51293	51334	51395	51396	51378	51421	51509	51472	51626	51698	51756	529	434	824	432	553
51870	51875	51895	52081	52062	52107	52168	52158	52303	52382	52426	525	428	799	446	548
52524	52543	52621	52742	52723	52768	52841	52819	52961	53045	53110	534	427	796	442	562
53193	53203	53270	53393	53374	53421	53504	53473	53622	53693	53759	526	434	797	439	562
53798	53810	53821	54050	54032	54076	54163	54124	54287	54352	54428	527	434	836	421	563
54497	54506	54515	54721	54703	54747	54859	54791	54957	55027	55099	523	442	860	427	582
55316	55361	55422	55423	55406	55449	55560	55500	55660	55728	55793	516	434	857	415	545
56045	56091	56105	56152	56134	56178	56274	56230	56381	56458	56502	527	430	847	416	550
56796	56841	56870	56904	56887	56930	57035	56981	57136	57209	57271	529	443	850	433	550
57379	57388	57403	57633	57615	57657	57756	57706	57861	57935	57984	529	434	812	440	553
58262	58278	58340	58340	58322	58367	58448	58418	58557	58643	58708	531	429	802	450	554
58776	58794	58810	59015	58997	59043	59115	59094	59245	59320	59384	527	429	803	436	553
59452	59470	59510	59684	59666	59710	59795	59760	59915	59988	60067	531	433	826	426	562
60089	60134	60168	60354	60337	60380	60468	60430	60586	60660	60743	530	440	851	423	562
