655
1330
1982
2794
3366
4010
4685
5503
6065
6728
7481
7983
8643
9327
10306
10949
11862
12623
13405
13963
14799
15314
16080
16623
17373
17845
18466
19223
19766
20547
21495
22285
22982
23507
24217
24860
25634
26603
27187
27926
28660
29578
30206
30916
31674
32565
33265
33825
34595
35118
35771
36376
37005
37615
38394
38868
39647
40134
40752
41435
42168
42704
43321
43950
44886
45585
46301
46979
47696
nan
49076
49902
50517
51293
51870
52524
53193
53798
54497
55316
56045
56796
57379
58262
58776
59452
60089
60815
