701
1363
2014
2897
3391
4048
4730
5567
6085
6795
7559
8006
8673
9366
10402
10982
11923
12681
13465
14060
14828
15363
16152
16689
17397
17869
18556
19333
19785
20573
21568
22367
23018
23538
24287
24926
25678
26645
27213
27976
28708
29648
30250
30954
31701
32624
33284
33848
34636
35145
35843
36413
37037
37654
38449
38887
39724
40157
40805
41532
42269
42763
43340
44065
44951
45606
46343
47007
47738
nan
49101
49962
50569
51395
51895
52621
53270
53821
54515
55422
56105
56870
57403
58340
58810
59510
60168
60880
