1018
1663
2347
3005
3679
4383
5043
5724
6370
7022
7685
8302
8997
9710
10534
11316
12114
12851
13590
14286
14986
15660
16316
16914
17539
18157
18820
19434
20148
20878
21720
22486
23176
23858
24539
25221
26000
26830
27540
28266
29026
29819
30549
31258
32022
32759
33466
34138
34827
35427
36128
36696
37336
37943
38580
39208
39847
40490
41125
41772
42391
43007
43652
44306
45134
45903
46630
47347
48042
48758
49454
50130
50812
51509
52168
52841
53504
54163
54859
55560
56274
57035
57756
58448
59115
59795
60468
61172
