977
1648
2313
2974
3643
4318
5000
5687
6357
7008
7639
8281
8934
9663
10483
11282
12060
12802
13541
14266
14952
15619
16259
16886
17504
18133
18763
19408
20089
20847
21681
22443
23137
23818
24492
25183
25954
26776
27500
28233
28981
29770
30511
31246
31986
32705
33422
34093
34747
35401
36042
36670
37291
37909
38525
39157
39801
40450
41097
41730
42344
42968
43596
44263
45066
45863
46606
47307
48000
48689
49389
50079
50774
51472
52158
52819
53473
54124
54791
55500
56230
56981
57706
58418
59094
59760
60430
61124
