1205
1870
2540
3201
3872
4542
5228
5914
6580
7220
7861
8504
9165
9890
10712
11510
12289
13036
13771
14494
15180
15848
16489
17111
17728
18355
18981
19636
20317
21076
21919
22674
23361
24040
24718
25410
26186
27014
27725
28463
29212
30003
30739
31481
32222
32929
33652
34328
34978
35636
36277
36893
37516
38134
38753
39391
40028
40680
41323
41950
42567
43195
43826
44498
45301
46097
46825
47532
48229
48926
49620
50312
51000
51698
52382
53045
53693
54352
55027
55728
56458
57209
57935
58643
59320
59988
60660
61353
