789
1615
2594
3192
3848
4795
5333
6000
6941
7783
8561
9093
9821
10574
11280
12032
12816
13725
14553
15380
16252
17072
17838
18436
19210
19987
20736
21500
22242
23149
24024
24814
25608
26360
27269
27944
28747
29521
30230
31112
31811
32423
33075
33804
34296
34972
35763
36446
37127
37793
38331
38997
39641
40249
40796
41472
41947
42710
43329
44062
44677
45412
46129
46892
47610
48313
48999
49888
50413
51276
51862
52666
53407
54293
55076
55669
56586
57211
57886
58717
59415
60348
60974
