1057
1879
2670
3397
4131
4860
5531
6176
7008
7866
8621
9246
9881
10653
11376
12120
12951
13812
14619
15466
16324
17159
17923
18690
19436
20147
20807
21591
22459
23303
24102
24889
25687
26448
27340
28203
28927
29668
30440
31208
31890
32575
33191
33833
34509
35197
35844
36527
37203
37866
38480
39094
39709
40319
40945
41536
42160
42793
43447
44124
44765
45478
46212
46960
47672
48394
49148
49916
50659
51356
52094
52879
53648
54374
55138
55908
56666
57362
58118
58877
59659
60376
61131
