228
980
1745
2499
3286
4101
4847
5671
6463
7213
8022
8670
9568
10360
10974
11853
12603
13200
14097
14806
15533
16248
16990
17752
18491
19221
19849
20716
21477
22210
22973
23681
24433
25186
25906
26671
27233
28089
28783
29453
29994
30718
31363
32082
32752
33612
34155
35032
35537
36434
37000
37809
38511
39226
39763
40538
41246
41850
42499
43108
43629
44391
45038
45562
46398
46994
47973
48843
49663
50558
51493
52299
53170
53905
54641
55207
55944
56791
57486
58076
58791
59644
60406
