387
1143
1936
2684
3465
4277
5065
5864
6645
7396
8189
9019
9799
10556
nan
12041
12766
13536
14254
14982
15721
16450
17254
17930
18679
19433
20146
nan
21635
nan
23113
23868
24624
25359
26107
26821
27542
28242
28973
29622
30314
31025
31702
32396
33086
33795
34488
nan
35911
36636
37297
38040
38721
nan
40076
40732
41389
42033
42641
43306
43913
nan
45171
45879
46603
47345
48171
49009
49830
50720
nan
52504
53353
54086
54828
55512
56240
56949
57670
nan
59118
59840
nan
