376
1130
1905
2665
3451
4240
5035
5828
6626
7406
8201
8980
9748
10527
11272
12013
12776
13518
14238
14969
15702
16434
17172
17912
18658
19403
20166
20896
21627
22369
23122
23858
24610
25343
26094
26834
27552
28231
28924
29609
30300
31001
31687
32380
33069
33760
34465
35166
35861
36581
37276
37975
38679
39379
40048
40706
41361
42004
42654
43289
43902
44527
45187
45848
46563
47299
48116
48985
49821
50714
51635
52464
53299
54060
54786
55505
56254
56939
57654
58386
59094
59814
nan
