640
1396
2181
2939
3738
4546
5301
6093
6889
7667
8485
9245
10025
10826
nan
12298
13049
13622
14553
15249
15980
16681
17459
18211
18955
19705
20445
nan
21904
22474
23402
24130
24893
25618
26345
27141
27767
28400
29220
29886
30566
31134
31963
32685
33316
34026
34732
nan
36168
36862
37570
38298
38942
nan
40307
40975
41665
42314
42933
43543
44217
nan
45472
46105
46874
47560
48399
49152
50107
51005
nan
52731
53563
54388
55054
55849
56515
57244
57949
nan
59391
60109
nan
