953
1874
2731
3512
4296
5113
5955
6736
7534
8354
9135
9915
10637
11375
12134
12916
13736
14575
15338
16079
16820
17618
18437
19221
19999
20682
21339
22018
22659
23295
23913
24535
25214
25994
26775
27532
28217
28954
29753
30613
31456
32335
33235
34095
34880
35656
36456
37315
38235
39075
39956
40879
41832
42672
43417
44194
45034
45936
46876
47856
48856
49817
50776
51718
52656
53560
54455
55320
56197
57056
57937
58836
59718
60578
