1173
2129
3074
3732
4533
5354
6214
6974
7775
8594
9394
10134
10875
11615
12375
13175
13995
14797
15558
16339
17077
17858
18677
19478
20256
20938
21597
22257
22898
23536
24155
24774
25453
26235
27035
27775
28474
29194
29994
30855
31694
32594
33496
34337
35137
35896
36697
37556
38477
39314
40217
41133
42074
42912
43658
44432
45276
46177
47117
48097
49097
50057
51016
51958
52898
53797
54697
55577
56417
57297
58197
59077
59956
nan
