891
1820
2665
3457
4250
5055
5905
6686
7476
8295
9089
9857
10589
11318
12080
12867
13686
14511
15273
16030
16772
17563
18379
19176
19941
20637
21292
21962
22606
23242
23860
24485
25164
25944
26726
27476
28174
28901
29699
30553
31410
32288
33179
34042
34832
35602
36396
37261
38172
39021
39904
40838
41772
42609
43360
44149
44984
45878
46820
47802
48796
49763
50725
51668
52600
53511
54395
55275
56143
56996
57887
58784
59663
60526
