832
1501
2135
2801
3499
4223
4871
5518
6242
7039
7785
8489
9216
9968
10694
11343
12026
12745
13495
14159
14830
15598
16366
17055
17666
18255
18888
nan
20227
20847
21520
22197
22899
23524
24226
24951
25707
26342
26997
27699
28454
29105
29749
30420
31121
31755
32394
33052
33684
34286
34887
nan
36107
36732
37337
nan
nan
39136
nan
nan
nan
41501
42077
nan
nan
44060
44738
nan
46259
46998
47720
nan
49129
49790
nan
51178
51865
52534
nan
53975
54675
nan
nan
56895
57590
nan
nan
59738
60407
nan
61757
