580
1265
1895
2546
3240
3977
4634
5278
5989
6789
7547
8246
8964
9718
10451
11104
11778
12493
13249
13925
14581
15341
16109
16806
17429
18019
18633
19299
19987
20610
21271
21946
22655
23293
23976
24695
25461
26106
26749
27448
28209
28868
29500
30168
30874
31531
32152
32807
33447
34043
34635
35228
35857
36490
37083
37685
38303
38901
39478
40068
40663
41265
41844
42459
43106
43828
44496
45235
46011
46762
47468
48175
48885
49546
50230
50931
51627
52289
52997
53725
54437
55166
55910
56658
57347
58059
58790
59496
60159
60826
61507
