566
1249
1881
2530
3226
3963
4619
5263
5975
6775
7532
8231
8951
9705
10437
11089
11763
12479
13234
13908
14567
15326
16095
16792
17415
18004
18619
19285
19972
20595
21257
21932
22640
23279
23962
24680
25445
26092
26735
27434
28194
28853
29486
30154
30860
31518
32137
32792
33433
34027
34621
35214
35843
36476
37069
37672
38289
38885
39465
40054
40649
41250
41831
42445
43092
43814
44482
45221
45997
46748
47454
48160
48870
49531
50217
50917
51614
52276
52982
53712
54423
55153
55896
56643
57334
58045
58776
59482
60146
60813
61494
