606
1289
1920
2571
3265
4002
4659
5302
6014
6814
7572
8270
8990
9744
10476
11129
11803
12519
13274
13949
14606
15366
16134
16831
17454
18044
18658
19325
20011
20635
21296
21972
22680
23318
24001
24720
25485
26131
26775
27473
28234
28892
29525
30193
30898
31556
32176
32832
33472
34067
34659
35253
35882
36515
37108
37710
38328
38925
39504
40093
40687
41289
41869
42483
43131
43852
44520
45260
46036
46787
47493
48200
48909
49570
50255
50956
51652
52314
53021
53750
54462
55191
55935
56683
57372
58084
58815
59521
60184
60851
61532
