1080
1842
2622
3441
4261
5038
5804
6522
7202
7820
8443
9201
9822
10481
11082
11861
12622
13381
14140
14860
15540
16203
16882
17602
18341
19023
19702
20401
21102
21820
22563
23284
24002
24723
25425
26244
26762
27438
28299
28847
29588
30343
31063
31805
32533
33233
33933
34564
35168
35805
36393
37009
37610
38205
38800
39413
39996
40575
41169
41753
42310
42873
43435
44014
44594
45216
45873
46514
47174
47832
48454
49057
49673
50289
50910
51554
52203
52871
53534
54156
54777
55399
56011
56614
57186
57771
58339
58957
59979
60881
61722
