1343
1924
2882
nan
4504
nan
6064
6800
7443
8060
8701
9302
nan
10580
11180
12123
12882
13643
14241
15101
15802
16461
17141
17860
18602
19282
19962
20481
21367
22082
22823
23362
24081
24986
25727
26385
27064
27728
28448
29148
29846
30629
31326
31928
32787
33355
34202
34808
nan
36006
36652
nan
37868
nan
39049
nan
40253
40833
41414
42015
42573
43136
43697
44254
nan
45476
46114
46776
47435
48073
48716
49355
49937
50538
51156
51795
52457
53119
53776
nan
54896
nan
56274
56857
57438
58037
58597
59222
60241
60978
nan
