755
1379
2008
2636
3267
3892
4526
5155
5787
6422
7058
7690
8332
8973
9615
10255
10896
11537
12179
12817
13453
14089
14728
15363
15997
16633
17271
17922
18566
19208
19851
20491
21131
21770
22410
23047
23684
24319
24956
25594
26230
26867
27506
28145
28783
29427
30072
30714
31350
31995
32628
33244
33865
34484
35102
35718
36330
36945
37557
38167
38775
39383
39985
40587
41189
41788
42387
42983
43578
44172
44765
45356
45948
46534
47128
47716
48303
48894
49490
50085
50675
51272
51870
52470
53067
53663
54262
54862
55457
56058
56659
57256
57857
58452
59053
59651
60249
60850
61446
