691
1261
1758
2312
3018
3631
4294
4936
5485
6094
6715
7420
7873
8791
9426
10067
10779
11304
11898
12549
15408
16209
16643
17222
17851
18473
19118
20704
21161
21741
22355
22968
23533
24088
24688
25252
25911
26555
27200
27769
28437
29599
30240
30860
31606
32057
32744
33360
34627
35210
35844
36406
36964
37544
38142
38627
39144
39660
40203
40705
41334
41809
42480
43078
43832
44383
44963
45641
46149
46687
47223
47753
48290
50931
51691
52294
52911
53474
54088
54647
55327
55898
56455
57063
58429
59372
59853
60591
61100
