nan
868
1618
2368
3259
3874
4730
5386
6016
6764
7518
8361
8951
9775
10328
11090
11950
12894
13776
14609
15494
16153
16909
17698
18389
19051
19784
20395
21042
21808
22698
23378
24137
24815
25868
26652
27441
28337
28965
29770
30367
31092
31564
32124
nan
33309
34044
34656
35180
35769
36209
36893
37494
38108
38668
39341
39943
40539
41120
41626
42122
42855
43399
44092
44983
45703
46549
47262
48058
48728
49406
49926
50476
51069
51817
52317
52994
53575
54242
54954
55559
56041
56672
