315
998
1755
2573
3361
4127
4867
5605
6320
7054
7769
8494
9206
9911
10609
11333
12093
13029
13910
14786
15624
16400
17121
17833
18534
19221
19917
20648
21380
22101
22804
23517
24275
25112
26002
26861
27686
28478
29230
29925
30592
31230
31846
32449
33033
33612
34181
34749
35315
35879
36448
37027
37632
38241
38861
39472
40076
40667
41248
41823
42399
42986
43603
44320
45111
45977
46803
47579
48277
48927
49544
50146
50742
51346
51953
52576
53208
53848
54472
55086
55691
56308
56978
