530
1218
2085
2807
3587
4347
5093
5831
6549
7273
7987
8712
9421
10123
10836
11570
12327
13267
14028
15012
15767
16613
17370
18052
18752
19445
20118
20865
21502
22316
23028
23744
24399
25344
26238
27089
28013
28718
29451
30142
30814
31452
32067
32670
33248
33814
34396
34967
35538
36104
36667
37248
37947
38458
39078
39682
40289
40884
41466
42039
42621
43206
43828
44545
45336
46206
47021
47799
48495
49145
49757
50370
50958
51566
52170
52775
53423
54063
54687
55307
55911
56522
57188
