1084
1834
2606
3368
4142
4929
5737
6555
7336
8063
8745
9411
10086
10813
11721
12608
13607
14618
15582
16496
17361
18177
18931
19652
20364
21075
21759
22447
23113
23801
24528
25309
26123
26945
27791
28642
29472
30295
31115
31938
32730
33544
33891
34393
35219
36035
36818
37578
38316
39043
39747
40425
41094
41756
42395
43027
43640
44264
44879
45483
46096
46713
47317
47951
48585
49218
49880
50564
51263
51954
52658
53363
54043
54732
55418
56122
56829
57517
58199
58884
59578
60259
60948
