1276
1922
2794
3573
4348
5137
5870
6758
7551
8251
8924
9601
10304
11036
11875
12721
13834
14782
15796
16623
17592
18313
19058
19850
20512
21282
21898
22646
23305
23988
24654
25436
26242
27073
27920
28777
29623
30422
31236
32070
32855
33786
33948
34519
nan
36176
37056
37807
38534
39238
39943
40547
41287
41890
42574
43251
43845
44463
45068
45725
46228
46931
47442
48130
48701
49400
50007
50704
51394
52092
52802
53502
54164
54877
55603
56309
56962
57653
58330
59018
59714
60390
61112
