1030
1783
2548
3306
4087
4877
5685
6501
7282
8001
8681
9347
10032
10761
11616
12551
13554
14567
15535
16442
17307
18119
18875
19602
20311
21011
21711
22388
23060
23752
24477
25251
26052
26882
27728
28587
29421
30238
31063
31887
32676
33488
33862
34340
35167
35984
36766
37523
38259
38984
39690
40368
41037
41697
42342
42971
43594
44214
44826
45435
46043
46653
47266
47892
48523
49165
49824
50512
51206
51904
52607
53308
53991
54675
55369
56071
56776
57466
58149
58832
59521
60204
60896
