300
1132
1997
2884
3764
4636
5503
6314
6686
7146
8010
8832
9628
10448
11304
12144
12965
13812
14641
15395
16219
16997
17790
18607
19416
20216
21012
21779
22550
23304
24067
24842
25684
26557
27427
28295
29146
29972
30802
31613
32428
33171
33902
34621
35321
36018
36710
37425
38095
38809
39477
40188
40894
41623
42303
43039
43776
44532
45224
45982
46722
47473
48241
49002
49778
50566
51387
52163
52940
53711
54456
55231
56031
56831
57652
58458
59239
59993
60762
61504
62197
62855
63494
64110
64716
65325
65998
