598
1487
2315
3250
4090
5063
5846
6735
6893
7434
8427
9183
9928
10866
11631
12468
nan
14036
15084
15667
16663
17395
18031
19022
19637
20611
21282
22075
22854
23685
24390
25200
25990
26922
27783
28693
29453
30288
31160
31990
32785
33504
34213
34936
35626
36312
37053
37749
38399
39096
39772
40560
41228
42029
42599
43371
44195
44854
45595
46266
47040
47779
48591
49318
50144
50888
51720
52539
53262
54044
54844
55565
56374
57145
57934
58755
59671
60333
61066
61834
62595
63108
63802
64409
65008
65628
nan
