344
1175
2041
2928
3808
4683
5547
6357
6718
7188
8054
8877
9673
10492
11351
12187
13012
13855
14682
15440
16264
17041
17835
18650
19461
20260
21055
21822
22590
23348
24112
24889
25729
26600
27471
28339
29192
30017
30840
31656
32475
33214
33946
34665
35364
36062
36759
37469
38139
38854
39520
40232
40938
41667
42346
43082
43817
44575
45267
46027
46765
47517
48283
49047
49821
50609
51429
52206
52983
53754
54499
55273
56074
56874
57694
58500
59283
60036
60804
61548
62240
62899
63538
64153
64759
65369
66041
