905
1715
2488
3218
3914
4616
5252
5916
6576
7369
8355
9274
10237
11143
12065
12991
13891
14818
15605
16331
17120
17934
18931
19919
nan
21590
22405
23281
24232
25071
25892
26695
27573
28332
29152
29953
30908
31740
32536
33313
34070
34773
35532
nan
nan
37589
38264
38974
39551
40172
40869
41509
42154
nan
43477
44172
nan
45615
46397
47192
47978
48813
nan
50431
51280
52069
52919
53734
54481
nan
55945
56638
57319
58021
58756
59554
60320
