520
1225
1887
2573
3239
3915
4601
5282
5995
6710
7392
8059
8717
9376
10029
10660
11264
11859
12463
13095
13811
14571
15359
16166
16971
17749
18514
19265
20020
20796
21594
22392
23136
23849
24569
25300
26045
26804
27569
28344
29115
29901
30701
31513
32277
33055
33860
34719
35535
36360
37190
38006
38798
39576
40368
41179
42009
42826
43627
44409
45199
45981
46752
47484
48178
48876
49603
50364
51107
51879
52686
53528
54385
55215
56020
56806
57592
58382
59154
59921
60720
61554
62381
63170
63958
64758
65583
66412
67221
68055
68902
69768
70587
71408
72262
73120
73986
74813
75648
76466
77287
78103
78892
79696
80535
81390
82193
82952
83664
84401
85197
86099
86983
87818
88619
89387
90123
90831
91542
92307
93155
94010
