351
1122
1907
2792
3730
4625
5473
6317
7177
8052
8874
9699
10535
11416
12300
13141
13966
14789
15643
16551
17469
18322
19155
19968
20790
21617
22414
23212
24036
24920
25837
26678
27523
28381
29210
30007
30796
31572
32346
33110
33862
34602
35331
36062
36785
37494
38190
38862
39548
40235
40921
41595
42264
42924
43605
44325
45055
45767
46477
47199
47957
48736
49506
50241
50964
51701
52481
53297
54091
54910
55715
56497
57242
57957
58685
59430
60198
60973
