314
1078
1867
2750
3681
4579
5424
6275
7132
8007
8810
9654
10490
11371
12256
13101
13923
14744
15601
16509
17422
18280
19109
19926
20748
21574
22370
23168
23992
24877
25787
26635
27477
28340
29162
29961
30762
31507
32307
33060
33817
34566
35286
36016
36712
37448
38147
38819
39503
40190
40872
41552
42221
42880
43562
44279
45005
45724
46433
47153
47914
48692
49457
50193
50914
51660
52438
53254
54048
54865
55670
56453
57199
57912
58639
59385
60151
60922
