618
1420
2208
3103
4029
4862
5773
6563
7446
8310
9142
9922
10749
11736
12555
13398
14283
15090
15875
16860
17737
18626
19370
20264
21081
21892
22698
23426
24353
25247
26110
26997
27776
28730
29466
30327
31068
31845
32596
33412
34172
34814
35580
36376
nan
37753
38501
39098
39834
40530
41160
41878
42321
43164
43818
44616
45301
45991
46696
47420
48262
48968
49751
50590
51264
52029
52703
53543
54308
55226
55945
56708
57460
58158
58914
59627
60519
nan
