nan
956
1595
2537
3559
4477
5314
6067
7047
7956
8632
9575
10386
11102
12171
13004
13806
14656
15312
16379
17324
18168
18995
19848
20508
21338
22263
23079
23905
24744
25696
26384
27382
28103
28912
29716
30481
31293
32164
33008
33595
34379
35051
35907
36623
37201
38032
38559
39243
39950
40657
41465
41979
42798
43352
44034
44835
45617
46193
46925
47649
48586
49376
50062
50647
51402
52170
53174
53777
54590
55445
56338
56952
57643
58408
59125
59905
60845
