403
1144
1904
2725
3565
4409
5186
6007
6866
7969
8609
9589
10409
11571
12152
12991
13871
14711
15631
16812
17572
18492
19373
20214
21012
21734
22475
23154
23732
24513
25136
25815
26556
27375
28196
29077
29937
30798
31838
32458
33198
33978
34739
35780
36419
37279
38240
39240
40261
41181
41821
42641
43442
44262
45303
45963
46745
47564
48225
48945
49686
50445
51325
52186
53086
53887
54648
55388
56129
56889
57510
58170
58870
59571
60251
60991
61772
62632
63392
64129
64909
65650
66433
