753
1477
2274
3094
3935
4756
5557
6378
7236
8118
8981
9861
10781
11700
12523
13363
14221
15081
16003
16982
17959
18846
19743
20583
21344
22069
22783
23464
24106
24780
25444
26144
26925
27749
28569
29426
30307
31170
32010
32808
33568
34312
35109
35950
36788
37633
38571
39531
40430
41311
42190
42995
43811
44631
45491
46333
47097
47854
48555
49275
49996
50817
51696
52556
53438
54238
55017
55759
56479
57159
57821
58501
59202
59900
60602
61362
62142
62962
63722
64498
65260
66021
66763
