394
1135
1896
2717
3557
4399
5179
6000
6859
7959
8599
9579
10401
11561
12142
12984
13863
14704
15623
16804
17563
18483
19364
20204
21004
21725
22466
23145
23725
24505
25126
25807
26547
27369
28189
29069
29930
30789
31826
32450
33190
33970
34731
35769
36411
37271
38231
39231
40251
41172
41813
42632
43434
44254
45292
45955
46735
47555
48215
48936
49676
50437
51318
52178
53078
53878
54639
55379
56120
56880
57500
58160
58861
59562
60242
60983
61763
62623
63383
64122
64900
65642
66423
