611
1281
1988
2640
3303
3952
4613
5238
5901
6583
7258
7954
8624
9276
9937
10573
11108
11836
12457
13081
13713
14317
14912
15553
16233
16902
17601
18323
18988
19658
20319
20973
21624
22317
22899
23674
24265
24858
25425
26011
26631
27206
28067
28866
29685
30552
31362
32136
32813
33455
34091
34670
35266
35848
36447
37040
37688
38186
38875
39431
39995
40588
41154
41760
42365
42904
43553
44133
44699
45236
45767
46319
46853
47442
48065
48784
49515
50214
50930
51760
52533
53183
53836
54454
55078
55699
56369
57022
57680
58255
58851
59354
60065
60725
61397
