739
1416
2120
2781
3450
4095
4740
5383
6042
6725
7400
8087
8768
9425
10080
10716
11344
11977
12602
13226
13844
14446
15057
15697
16359
17045
17747
18447
19132
19805
20460
21118
21770
22464
23132
23782
24398
24990
25573
26153
26773
27444
28209
28995
29827
30669
31483
32278
32957
33598
34212
34800
35389
35975
36569
37177
37796
38402
38985
39564
40137
40709
41292
41898
42502
43101
43686
44257
44822
45371
45908
46445
46991
47565
48197
48904
49651
50345
51044
51891
52663
53319
53971
54590
55199
55836
56490
57144
57804
58392
58984
59586
60202
60850
61533
