769
1446
2149
2810
3480
4124
4769
5413
6072
6755
7430
8117
8798
9454
10111
10745
11373
12007
12631
13254
13873
14476
15086
15726
16388
17074
17777
18476
19161
19834
20489
21147
21800
22493
23161
23811
24428
25019
25601
26183
26802
27473
28238
29024
29856
30699
31513
32308
32987
33627
34241
34829
35419
36005
36599
37208
37826
38432
39014
39594
40167
40739
41322
41928
42532
43131
43718
44287
44852
45400
45937
46473
47021
47594
48227
48934
49679
50374
51073
51921
52692
53348
54001
54619
55229
55866
56519
57174
57833
58422
59013
59615
60231
60880
61562
