721
1398
2102
2762
3433
4076
4721
5366
6025
6708
7382
8070
8751
9407
10063
10698
11326
11960
12584
13207
13826
14429
15039
15679
16341
17027
17729
18429
19114
19787
20442
21100
21753
22446
23114
23764
24380
24972
25555
26136
26756
27426
28191
28977
29809
30652
31465
32262
32940
33580
34195
34783
35372
35958
36553
37161
37779
38385
38967
39546
40120
40692
41275
41881
42486
43084
43670
44240
44805
45354
45890
46427
46974
47547
48180
48887
49633
50328
51026
51874
52646
53302
53954
54572
55182
55819
56473
57127
57787
58375
58967
59569
60185
60834
61516
