820
1495
2202
2862
3528
4173
4820
5464
6122
6809
7481
8169
8850
9505
10163
10794
11423
12056
12683
13307
13922
14526
15135
15777
16440
17125
17828
18527
19214
19884
20539
21200
21848
22544
23214
23863
24479
25072
25654
26232
26852
27525
28290
29075
29908
30749
31563
32364
33038
33676
34293
34881
35470
36055
36652
37256
37876
38482
39067
39643
40217
40793
41371
41978
42582
43178
43768
44336
44903
45454
45990
46524
47073
47644
48276
48983
49730
50421
51123
51972
52744
53400
54049
54670
55278
55914
56568
57225
57884
58469
59065
59664
60279
60930
nan
