220
1105
1966
2765
3602
4509
5226
6284
6964
8044
8944
9846
10662
11523
12383
13066
14164
15041
15919
16663
17783
18400
19483
20299
21281
22140
23001
23660
24679
25498
26360
27102
28059
28681
29538
30457
31405
32179
32759
33420
34378
35157
35838
36636
37217
38016
38935
39694
40435
40995
41815
42814
43613
44273
45052
46072
46872
47610
48410
49229
50069
50829
51408
52427
53267
54067
54787
55726
56625
57465
58285
58845
59844
60664
61443
62243
63103
63943
64722
65542
66381
67221
68061
68861
69660
