315
1184
2018
2851
3687
4573
5490
6372
7238
8122
9030
9928
10774
11601
12459
13352
14236
15107
16011
16938
17831
18692
19574
20480
21370
22207
23048
23912
24759
25586
26427
27307
28151
28957
29794
30663
31484
32233
32969
33690
34449
35229
36006
36747
37487
38244
39010
39764
40506
41279
42085
42897
43684
44484
45321
46162
46940
47696
48480
49300
50120
50900
51698
52507
53326
54133
54954
55814
56710
57538
58338
59136
59936
60718
61497
62314
63174
64014
64811
65613
66449
67291
68113
68930
69748
