646
1517
2367
3186
4023
4900
5812
6704
7549
8408
9368
10264
11103
11944
12788
13684
14580
15442
16343
17266
18126
18984
19904
20818
21699
22545
23383
24197
25044
25881
26774
27641
28480
29296
30101
30978
nan
32558
33280
33976
34736
35516
36295
37035
37796
38534
39315
40055
40794
41574
42373
43193
43972
44792
45611
46452
47230
47990
48769
49609
50408
51208
51987
52786
53606
54426
55246
56106
57005
57824
58623
59444
60223
61024
61803
62623
63482
64300
65101
65921
66741
67580
68399
69219
70040
