994
1671
2551
3316
4293
4969
5681
6473
7278
8143
9037
9940
10615
11376
12220
12844
13661
14603
15329
16133
16774
17737
18382
19081
20041
20903
21803
22418
23523
24189
25068
25804
26766
27543
28432
29065
29991
31041
31670
32326
33249
33781
34455
35533
36128
36959
37539
nan
39217
39939
40658
41308
42160
43006
43607
44489
45249
46001
46715
47524
48319
48887
49840
50470
51308
52040
52884
53594
54308
55156
55967
56682
57561
58338
59223
59876
60731
