850
1587
2388
3192
4173
4886
5584
6375
7160
7958
8773
9620
10391
11176
12038
12774
13520
14420
15055
15859
16635
17436
18221
19020
19856
20642
21538
22363
23141
23958
24796
25643
26500
27324
28345
29005
29825
30861
31416
32328
32944
33722
34208
35218
35967
36702
37426
38325
38972
39691
40454
41203
42061
42708
43475
44284
45041
45759
46536
47310
48105
48817
49609
50315
51079
51825
52771
53382
54125
54905
55690
56527
57313
58110
58903
59731
60539
