956
1664
2532
3289
4266
4937
5651
6464
7262
8075
8984
9907
10593
11365
12172
12817
13608
14502
15296
16065
16751
17679
18351
19076
20021
20889
21783
22406
23439
24164
25051
25782
26747
27534
28400
29028
29978
31005
31645
32301
33183
33760
34424
35382
36085
36941
37497
nan
39185
39908
40640
41296
42099
42934
43574
44467
45223
45970
46670
47496
48290
48859
49819
50456
51295
52018
52807
53547
54295
55132
55917
56585
57527
58331
59127
59861
60718
