403
1135
1779
2439
3096
3766
4526
5309
6115
6901
7716
8464
9212
9960
10704
11504
12262
12944
13621
14320
15045
15796
16617
17398
18098
18808
19525
20224
20910
21589
22260
22917
23561
24196
24827
25447
26056
26657
27244
27820
28393
28962
29529
30103
30692
31302
31975
32691
33478
34176
34912
35671
36416
37169
37896
38608
39290
39960
40632
41331
42039
42757
43509
44342
45149
45861
46718
47556
48411
49241
50126
51040
51841
52777
53700
54556
55438
56383
57219
58059
58992
59946
nan
61800
62763
63612
64552
65429
66202
67042
67962
