359
978
1551
2256
3049
3704
4336
5100
6058
6725
7485
8303
8997
9790
10520
11429
12070
12926
13561
14146
15061
15652
16435
17355
17886
18602
19454
20077
20838
21487
22222
22705
23453
23965
24753
25387
25993
26445
27015
27774
28338
28935
29474
30075
30638
31248
31905
32494
33251
33946
34856
35615
36192
36938
37798
38566
39086
39891
40448
41213
41810
42726
43340
44117
45022
45640
46641
47345
48202
49098
49913
50966
51779
52737
53626
54429
55260
56175
57161
57985
58946
59899
nan
61775
62537
63394
64329
65302
65964
66967
67910
