711
1460
2079
2740
3406
4093
4833
5642
6425
7231
8021
8856
9524
10285
11021
nan
12560
13274
13965
14647
15451
16116
16954
17712
18446
19136
19823
20546
21328
21895
22575
nan
23900
24555
25219
25855
26445
26957
27544
28113
28683
29266
29828
30467
30991
31628
32348
33018
33829
34516
35237
36081
36723
37508
38225
38906
39597
40302
40995
41697
42358
43061
43833
44727
45450
46218
47119
47968
48738
49580
50439
51362
52162
53172
nan
54875
55778
nan
57600
58400
59304
60274
61172
nan
63085
nan
64881
65794
66523
67352
68339
