865
1661
2241
3045
3842
4710
5547
6231
7009
7579
8426
9242
10036
10959
11706
12608
13372
nan
15088
15735
16564
17371
18154
18880
19709
20500
21393
22232
23029
23661
24504
25300
25963
26881
27627
28413
29031
29838
30644
31247
31762
32447
32997
33650
34246
34828
35365
36062
36585
37263
37948
38485
39075
39639
40252
40959
41441
42259
42828
43413
44059
44600
45402
46337
47136
47765
48512
49252
49986
50646
51458
52143
52964
53825
54362
55174
55938
56544
57517
58344
58993
59696
60496
