nan
1934
2805
3479
4247
4987
5815
6558
7348
7984
8706
9559
10345
11318
12070
12788
13751
14559
15347
nan
16992
17536
18368
19202
19983
20892
21770
22380
nan
24068
24858
25617
26242
27162
27960
28558
29518
30233
30890
31558
32157
32623
33229
33828
34584
35274
35904
36495
36998
37567
38253
38798
39344
39921
40555
41241
41926
42561
43270
43754
44381
44898
45962
46646
47474
48056
48908
49568
50196
51050
51887
52603
53399
54158
54825
55484
56060
57046
57969
58533
59416
60092
60783
