328
1097
1885
2766
3706
4591
5449
6294
7154
8026
8848
9677
10513
11390
12268
13115
13943
14763
15617
16529
17437
18295
19130
19944
20764
21592
22387
23185
24009
24896
25815
26652
27496
28356
29178
29977
30775
31545
32320
33077
33833
34544
35307
36033
36763
37468
38164
38838
39524
40211
40897
41572
42240
42901
43581
44301
45031
45743
46454
47174
47933
48711
49478
50220
50945
51677
52456
53274
54067
54887
55690
56472
57217
57933
58661
59407
60171
60948
