242
1005
1612
2559
3635
4505
5349
6107
7076
7985
8660
9593
10417
11131
12200
13037
13833
14692
15349
16455
17373
18219
19064
19872
20546
21387
22315
23110
23935
24802
25731
26408
27414
28131
28934
29746
30569
31336
32245
33046
33619
34409
35102
35941
36656
37230
38086
38579
39261
39976
40699
41505
42001
42835
43379
44055
44869
45644
46236
46969
47709
48642
49412
50086
50674
51436
52191
53204
53832
54625
55475
56398
56979
57679
58430
59149
59927
60872
