308
950
1598
2229
2919
3597
4419
5162
5853
6345
7289
7984
8673
9324
9948
10566
11190
11823
12433
13023
13623
14219
14838
15560
16260
16941
17590
18214
18817
19413
20018
20633
21225
21806
22401
23027
23736
24361
24984
25614
26234
26867
27512
28158
28799
29438
30072
30678
31306
31907
32499
33086
33665
34235
34792
35340
35883
36424
36965
37506
38048
38594
39145
39697
40259
40819
41384
41948
42512
43079
43649
44236
44835
45445
46055
46658
47251
47824
48383
48933
49476
50020
50569
51123
51673
52237
52810
53374
53947
54519
55099
55677
56249
56815
57376
57929
58477
59019
59561
60105
60652
