1281
2005
2757
3497
4243
4938
5642
6483
7264
8041
8799
9542
10298
11056
11801
12540
13301
14038
14777
15483
16243
16976
17739
18440
19224
19962
20682
21418
22154
22897
23599
24351
25072
25750
26519
27236
27956
28533
29183
29781
30075
30841
31260
32418
33480
34288
34874
35530
36415
37007
37752
38334
39094
39815
40533
41234
41916
42610
43295
43951
44731
45447
46138
46871
47590
48303
49014
49761
50432
51093
51894
52609
53313
54079
54775
55549
56264
56990
57674
58410
59087
59868
