1008
1828
2618
3371
4327
5185
6069
6970
7896
8711
9492
10497
11334
12189
13068
13891
14685
15552
16431
17217
18055
18934
19789
20612
21410
22303
23141
23987
24784
25665
26529
27327
28089
28902
29841
30669
31465
32336
33152
33637
34139
34563
nan
36189
36865
37607
38325
38807
39724
40448
41144
41888
42585
43327
43964
44667
45365
46125
46827
47710
48288
49291
50031
50816
51613
52332
52912
53844
54567
55408
56208
56965
57767
58523
59304
60105
