528	542	558	639	621	670	744	727	1008	1024	1029	515	457	634	478	525
1304	1344	1361	1477	1458	1508	1557	1570	1828	1839	1862	517	453	633	469	525
2106	2153	2177	2280	2262	2310	2424	2368	2618	2629	2649	515	448	615	477	522
2967	2996	3036	3103	3083	3135	3197	3187	3371	3434	3468	531	460	636	477	519
3793	3842	3917	3970	3948	4001	4061	4051	4327	4337	4352	534	446	623	462	529
4770	4783	4794	4861	4841	4891	4940	4953	5185	5214	5229	518	454	631	468	519
5487	5497	5510	5719	5700	5750	5805	5825	6069	6078	6101	514	454	624	483	524
6350	6356	6370	6617	6597	6650	6721	6694	6970	6982	6990	516	451	633	476	526
7335	7385	7397	7519	7499	7549	7598	7609	7896	7907	7933	512	452	631	473	525
8211	8241	8251	8385	8363	8415	8483	8468	8711	8734	8753	518	449	622	483	521
9090	9120	9134	9262	9242	9294	9339	9352	9492	9602	9613	518	452	637	477	524
10008	10018	10033	10151	10132	10181	10285	10249	10497	10520	10566	512	452	637	474	527
10834	10878	10891	11008	10988	11038	11080	11094	11334	11355	11368	516	451	623	476	524
11571	11580	11596	11839	11819	11871	11937	11922	12189	12199	12212	517	451	629	483	525
12564	12575	12589	12701	12682	12733	12779	12788	13068	13080	13090	515	454	636	475	523
13389	13417	13433	13555	13535	13585	13633	13647	13891	13919	13950	515	455	636	473	524
14190	14228	14271	14363	14342	14397	14462	14448	14685	14714	14726	519	452	621	482	525
14912	14921	14934	15209	15188	15240	15324	15296	15552	15561	15568	518	453	639	474	524
15908	15925	15944	16054	16036	16086	16154	16134	16431	16439	16462	517	455	637	473	527
16743	16762	16768	16907	16887	16937	16999	16989	17217	17251	17264	515	451	630	477	528
17470	17479	17493	17716	17696	17749	17797	17806	18055	18062	18084	521	451	626	480	523
18429	18441	18455	18574	18557	18606	18675	18651	18934	18952	18969	515	453	636	474	525
19272	19299	19308	19445	19425	19475	19586	19526	19789	19810	19825	514	452	640	471	523
19989	19996	20009	20271	20252	20300	20373	20353	20612	20617	20628	517	449	621	479	523
20944	20960	20977	21092	21073	21126	21201	21173	21410	21427	21435	520	448	625	482	527
21803	21814	21824	21943	21922	21976	22036	22028	22303	22318	22365	515	450	638	476	526
22628	22654	22663	22800	22780	22831	22919	22882	23141	23147	23171	516	454	638	474	524
23362	23373	23387	23659	23639	23689	23759	23742	23987	24011	24026	516	452	633	476	525
24325	24335	24348	24471	24452	24501	24579	24554	24784	24816	24827	519	450	626	482	525
25204	25216	25227	25321	25301	25353	25434	25409	25665	25687	25724	514	451	641	475	524
25885	25896	25909	26165	26145	26195	26293	26250	26529	26548	26570	516	455	640	472	524
26811	26843	26861	26985	26963	27015	27095	27068	27327	27348	27367	517	452	627	477	521
27488	27495	27507	27781	27760	27815	27879	27868	28089	28121	28127	523	453	626	481	525
28367	28378	28400	28638	28618	28670	28714	28725	28902	28984	29001	515	453	639	473	526
29228	29236	29247	29513	29491	29543	29638	29604	29841	29862	29906	515	453	638	469	522
30165	30196	30208	30349	30331	30383	30432	30447	30669	30689	30709	515	445	624	479	530
30989	31032	31046	31171	31153	31204	31275	31264	31465	31492	31508	519	452	632	481	525
31876	31890	31904	32031	32013	32064	32094	32105	32336	32347	32377	532	448	629	475	537
32560	32568	32601	32848	32831	32878	32933	nan	33152	33170	33246	564	444	611	108	451
33150	33174	33246	33245	33378	33413	33580	33453	33637	33667	33691	453	287	482	555	745
33634	33667	33691	33887	33878	33938	33970	34138	34139	34167	34204	745	604	930	575	574
34135	34172	34204	34379	34355	34415	34456	34446	34563	34580	34613	582	492	701	395	639
34985	34997	35007	35105	35085	35138	nan	35157	nan	nan	nan	429	359	511	478	530
35585	35594	35605	35823	35802	35857	35896	35907	36189	36205	36227	528	447	643	474	517
36311	36354	36385	36543	36522	36576	36615	36627	36865	36888	36904	550	455	623	480	525
36967	36978	36990	37265	37243	37297	37335	37348	37607	37617	37629	519	457	620	478	517
37869	37900	37904	37989	37974	38020	38073	38228	38325	38331	38345	520	507	661	475	489
38466	38476	38492	38692	38675	38725	38774	38787	38807	38819	38829	521	449	608	481	524
39108	39118	39129	39395	39376	39430	39475	39487	39724	39740	39748	529	455	621	486	526
39865	39874	39887	40100	40078	40134	40175	40184	40448	40453	40466	521	460	623	477	528
40527	40535	40545	40811	40794	40842	40918	40888	41144	41155	41167	518	462	610	450	538
41425	41436	41447	41525	41499	41558	41619	41604	41888	41898	41908	516	426	579	481	524
41969	41975	41986	42244	42259	42276	42336	42327	42585	42592	42608	534	473	628	481	513
42726	42735	42747	42943	42922	42975	43013	43027	43327	43347	43366	521	461	621	489	539
43540	43556	43568	43635	43616	43667	43710	43727	43964	43973	43986	528	465	625	482	522
44045	44055	44068	44331	44314	44365	44412	44425	44667	44684	44705	532	459	624	485	519
44767	44773	44785	45052	45034	45086	45134	45146	45365	45385	45405	521	461	624	482	523
45546	45555	45566	45805	45788	45838	45895	45886	46125	46146	46160	516	461	621	479	528
46441	46456	46470	46583	46563	46616	46656	46667	46827	46929	46945	518	460	617	478	527
47066	47077	47090	47362	47340	47392	47438	47466	47710	47721	47744	517	458	618	488	497
47867	47878	47889	48128	48111	48161	48213	48226	48288	48296	48307	519	461	629	463	521
48714	48815	48904	48903	48882	48936	48996	49110	49291	49307	49331	563	476	630	472	526
49430	49441	49469	49688	49669	49722	49835	49771	50031	50043	50068	513	453	610	476	523
50325	50342	50362	50476	50458	50510	50560	50556	50816	50829	50852	534	464	613	466	521
51098	51120	51139	51252	51234	51284	51346	51390	51613	51629	51656	549	462	611	483	524
51735	51743	51754	52003	51984	52038	52098	52088	52332	52350	52372	519	458	621	480	490
52511	52521	52533	52771	52754	52804	52856	52865	52912	52932	52973	516	460	623	477	522
53387	53406	53424	53539	53521	53571	53638	53626	53844	53881	53904	516	469	621	478	524
54165	54183	54201	54317	54298	54348	54400	54392	54567	54656	54672	512	465	622	480	529
54774	54783	54793	55071	55049	55102	55203	55155	55408	55432	55457	520	458	623	481	526
55571	55579	55589	55838	55819	55872	55918	56073	56208	56220	56230	521	463	624	479	525
56505	56517	56548	56620	56602	56654	56696	56706	56965	56971	56984	516	466	617	481	523
57128	57136	57145	57417	57397	57451	57494	57505	57767	57777	57787	517	465	618	481	524
58145	58154	58167	58215	58196	58246	58295	58305	58523	58551	58566	519	469	626	481	527
58883	58896	58907	58994	58975	59028	59073	59086	59304	59342	59347	520	466	625	479	524
