850
1681
2499
3297
4111
4943
5780
6647
7484
8315
9146
9972
10765
11570
12378
13165
13983
14792
15572
16372
17167
17937
18741
19538
20313
21097
21862
22657
23462
24259
25072
25900
26678
27489
28324
29121
29929
30737
31518
32335
33098
33844
34565
35279
36002
36728
37437
38159
38885
39585
40280
40975
41676
42368
43077
43811
44550
45300
46071
46828
47593
48356
49116
49863
50639
51418
52193
52980
53755
54526
55280
56020
56765
57509
58255
59010
59782
60548
61318
