462
822
1434
1881
2265
2764
3369
3873
4374
4854
5280
5913
6401
6933
7459
8051
8588
9094
9652
10215
10705
11226
11699
12361
12890
13338
13979
14447
14998
15634
16093
16654
17298
17823
18417
18915
19484
20004
20500
20914
21527
22072
22600
23119
23562
24225
24783
25363
25902
26518
27057
27576
28059
28633
29180
29728
30280
30923
31517
32006
32583
33045
33641
34127
34564
35163
35649
36154
36641
37142
37644
38134
38640
39073
39681
40168
40702
41200
41745
42219
42848
43316
43888
44506
45157
45646
46232
46913
47492
48070
48657
49167
49789
50446
51000
51461
52050
52703
53281
53876
54500
55159
55809
56379
56899
57607
58230
58716
59410
59981
