658
630
624
641
648
639
630
624
652
655
632
630
653
654
644
631
636
658
640
625
639
659
648
629
632
654
665
645
619
628
645
640
664
613
640
642
631
622
655
664
648
624
629
657
651
632
634
674
664
629
630
658
644
629
638
666
655
632
648
605
658
651
692
657
630
624
641
652
645
645
631
646
656
650
644
634
655
657
651
640
634
651
654
640
640
657
655
641
629
642
664
651
632
642
663
656
653
645
634
664
655
642
635
657
655
660
632
632
666
661
