586
1097
1576
2044
2533
3014
3538
4021
4517
4997
5537
6063
6571
7090
7625
8182
8749
nan
9836
10390
nan
11397
11962
12506
13046
13576
14147
14692
15292
15789
nan
nan
17466
nan
18546
nan
19638
20142
20662
21162
nan
22235
nan
23298
23827
24380
24972
nan
26071
26661
27235
nan
28319
28878
29423
30002
30526
31093
31651
32206
nan
nan
33773
34316
34846
35323
35828
36341
36816
37330
37828
38312
38802
39314
nan
40358
40861
41386
41905
42452
43021
43561
44141
44742
45311
45883
46510
47072
nan
48245
48822
nan
nan
50621
51189
nan
52313
52933
53455
54052
54682
nan
55944
56562
57156
57786
58386
nan
59570
60145
