592
1080
1566
2029
2517
3024
3524
4009
4497
5013
5514
6034
6546
7074
7617
8175
8733
9266
9805
10359
10862
11410
11936
12494
13038
13568
14126
14680
15250
15802
16321
16877
17457
18013
18531
19062
19611
20134
20647
21155
21687
22255
22762
23282
23803
24368
24937
25482
26057
26637
27204
27739
28304
28863
29412
29958
30510
31080
31666
32193
32834
33258
33870
34287
34795
35312
35800
36305
36793
37301
37791
38291
38790
39294
39808
40321
40840
41352
41893
42439
43005
43550
44148
44727
45305
45875
46471
47063
47655
48232
48803
49421
50020
50608
51149
51690
52267
52856
53460
54042
54660
55317
55954
56525
57138
57768
58378
58972
59541
60156
