761
1242
1717
2132
2616
3173
3668
4190
4574
5179
5702
6199
6623
7250
7806
8333
8903
nan
9984
10526
nan
11460
12096
12682
13198
13629
14294
14765
15430
15949
nan
nan
17620
nan
18618
nan
19779
20289
20722
21237
nan
22401
nan
23357
23981
24561
25103
nan
26228
26807
27353
nan
28392
29031
29582
30015
30692
31251
31875
32297
nan
nan
33806
34456
34979
35491
35996
36402
36868
37488
37972
38386
38968
39480
nan
40487
40918
41437
41975
42633
43171
43645
44213
44911
45448
45953
46542
47126
nan
48315
48893
nan
nan
50675
51238
nan
52368
53030
53590
54115
54838
nan
56073
56631
57251
57843
58551
nan
59628
60233
