687
1363
2013
2625
3261
3959
4743
5521
6267
6984
7638
8991
9720
10440
11159
11915
12674
13437
14157
14757
15708
16476
17197
17886
18593
19311
20045
20728
21383
22068
22808
23615
24408
25134
25855
26590
27298
28011
28693
29392
30147
30946
31730
32431
33086
33727
34331
34925
35505
36092
36704
37312
37910
38492
39072
39651
40232
40817
41391
41964
42551
43170
43829
44497
45146
45827
46534
47269
48006
48687
49348
50007
50669
51370
52045
52703
53369
54069
54805
55545
56244
56969
57725
58488
59198
59866
60523
61186
61881
