778
1432
2072
nan
3333
4031
4865
5588
6350
7049
nan
9066
9829
10505
11270
11990
12748
13547
14228
15049
nan
16543
17261
17965
18664
19381
20126
20845
21462
22142
22898
23681
24524
25200
25980
26660
27380
28082
28758
29479
30240
31038
31797
32598
33158
33863
34398
35001
35579
36157
36780
37377
37979
38557
nan
39715
40320
40876
41458
42036
nan
43238
43900
44557
45219
nan
46595
47337
48078
48756
nan
nan
50736
51435
52119
52778
nan
nan
nan
55637
nan
nan
57799
58555
59276
59936
60597
nan
nan
