201
639
1442
2040
2619
3419
4299
5100
5961
6742
7700
8219
9082
9879
10562
11442
12424
12807
13244
13907
14945
15643
16589
17306
18244
18866
19802
20506
21503
22346
23187
23849
24585
25470
26285
27125
27867
28928
29688
30726
31557
32301
32801
33627
34196
34851
35470
36067
36866
37487
38150
38651
39437
40093
40652
41254
41812
42247
43077
43632
44285
45091
45773
46429
47052
47850
48809
49590
50314
51287
51830
52449
52989
53665
54470
55292
56190
56988
57909
58699
59493
