190
629
1430
2031
2607
3408
4288
5089
5951
6734
7683
8210
9070
9872
10552
11431
12408
12792
13235
13893
14933
15635
16575
17294
18233
18852
19792
20496
21497
22337
23175
23837
24575
25463
26272
27116
27856
28916
29675
30715
31550
32280
32793
33618
34152
34836
35457
36056
36846
37478
38135
38642
39418
40057
40644
41242
41806
42237
43061
43612
44275
45077
45743
46417
47040
47838
48765
49577
50301
51220
51814
52441
52979
53644
54449
55279
56177
56975
57899
58670
59484
