772
1714
2592
3316
3953
4753
5613
6374
7174
7994
8774
9555
10274
11035
11775
12554
13373
14213
14959
15718
16458
17338
18077
18878
19639
20382
21177
21676
22298
22979
23555
24175
24915
25634
26434
27175
27894
28594
29393
30274
31094
31973
33052
33795
34537
35297
36116
37157
37917
38718
39676
40717
41673
42512
43078
43893
44674
45576
46536
47737
48676
49677
50658
51378
52297
53257
54277
54957
55837
56757
57817
58477
59558
60437
