763
1704
2562
3287
3939
4744
5603
6364
7164
7985
8764
9545
10264
11025
11765
12544
13364
14205
14949
15709
16448
17327
18068
18868
19628
20371
21166
21666
22289
22970
23543
24163
24904
25623
26424
27164
27885
28584
29384
30264
31084
31964
33043
33786
34527
35290
36106
37147
37907
38706
39666
40709
41662
42504
43067
43881
44663
45566
46527
47727
48668
49668
50648
51368
52288
53248
54269
54949
55827
56747
57807
58466
59548
60429
