752	763	772	863	846	891	941	953	1155	1167	1173	519	399	1022	383	537
1695	1704	1714	1792	1776	1820	1885	1874	2105	2115	2129	517	391	1022	387	535
2550	2562	2592	2636	2621	2665	2720	2731	3033	3045	3074	539	332	1022	318	568
3273	3287	3316	3429	3413	3457	3501	3512	3714	3718	3732	569	366	1022	386	576
3937	3939	3953	4221	4205	4250	4304	4296	4515	4523	4533	532	390	1022	366	543
4735	4744	4753	5028	5009	5055	5104	5113	5336	5342	5354	522	391	1022	372	541
5595	5603	5613	5876	5862	5905	5966	5955	6176	6193	6214	522	381	1022	388	528
6356	6364	6374	6657	6642	6686	6746	6736	6935	6958	6974	524	381	1022	383	531
7156	7164	7174	7448	7430	7476	7526	7534	7756	7764	7775	525	395	1022	378	544
7976	7985	7994	8266	8249	8295	8344	8354	8577	8583	8594	525	396	1022	380	540
8756	8764	8774	9059	9044	9089	9146	9135	9376	9383	9394	526	391	1022	382	542
9535	9545	9555	9830	9811	9857	9905	9915	10116	10129	10134	530	392	999	395	528
10256	10264	10274	10560	10545	10589	10645	10637	10837	10860	10875	524	386	1021	392	530
11016	11025	11035	11290	11271	11318	11367	11375	11597	11605	11615	526	393	1022	379	546
11756	11765	11775	12052	12035	12080	12147	12134	12357	12367	12375	525	391	1022	377	543
12536	12544	12554	12838	12824	12867	12927	12916	13136	13153	13175	527	391	1022	380	534
13356	13364	13373	13657	13643	13686	13747	13736	13956	13980	13995	523	387	1022	380	535
14196	14205	14213	14481	14465	14511	14565	14575	14760	14781	14797	522	382	1022	389	534
14940	14949	14959	15244	15229	15273	15328	15338	15541	15551	15558	531	379	1022	389	536
15700	15709	15718	16002	15985	16030	16089	16079	16299	16314	16339	528	385	1022	370	555
16439	16448	16458	16743	16728	16772	16831	16820	17039	17056	17077	531	376	1022	384	533
17317	17327	17338	17536	17519	17563	17629	17618	17821	17838	17858	527	381	1013	399	526
18060	18068	18077	18353	18334	18379	18429	18437	18659	18671	18677	522	378	1022	354	562
18860	18868	18878	19147	19131	19176	19228	19221	19460	19469	19478	530	391	1022	368	549
19620	19628	19639	19914	19896	19941	19989	19999	20217	20237	20256	527	382	1022	370	529
20361	20371	20382	20609	20593	20637	20689	20682	20919	20931	20938	532	390	1022	389	539
21153	21166	21177	21263	21248	21292	21349	21339	21559	21580	21597	529	373	1016	391	520
21655	21666	21676	21935	21918	21962	22008	22018	22220	22241	22257	529	380	990	398	515
22280	22289	22298	22578	22562	22606	22648	22659	22859	22873	22898	531	370	1011	396	523
22960	22970	22979	23214	23198	23242	23308	23295	23517	23528	23536	528	374	1022	387	537
23538	23543	23555	23832	23815	23860	23927	23913	24136	24142	24155	531	375	1022	374	541
24157	24163	24175	24456	24441	24485	24548	24535	24756	24764	24774	539	383	1022	375	545
24894	24904	24915	25135	25120	25164	25247	25214	25413	25440	25453	530	380	1022	369	532
25616	25623	25634	25916	25901	25944	26005	25994	26195	26219	26235	528	384	1022	385	539
26416	26424	26434	26698	26683	26726	26787	26775	26996	27016	27035	528	385	1022	385	533
27156	27164	27175	27449	27430	27476	27545	27532	27735	27757	27775	531	387	1022	376	538
27875	27885	27894	28146	28129	28174	28227	28217	28455	28461	28474	535	385	1022	381	543
28575	28584	28594	28873	28857	28901	28967	28954	29175	29185	29194	533	380	1022	379	544
29375	29384	29393	29671	29655	29699	29767	29753	29976	29981	29994	523	383	1022	383	537
30255	30264	30274	30525	30508	30553	30602	30613	30814	30834	30855	519	394	1022	387	531
31076	31084	31094	31382	31366	31410	31465	31456	31673	31687	31694	520	397	1020	391	539
31956	31964	31973	32259	32245	32288	32347	32335	32555	32575	32594	520	393	1019	389	532
33033	33043	33052	33151	33133	33179	33226	33235	33461	33479	33496	521	380	1007	386	532
33778	33786	33795	34014	33998	34042	34107	34095	34320	34324	34337	527	379	1013	392	528
34518	34527	34537	34803	34788	34832	34910	34880	35118	35127	35137	527	387	1017	394	535
35280	35290	35297	35574	35558	35602	35669	35656	35859	35877	35896	524	380	1022	382	530
36098	36106	36116	36369	36350	36396	36446	36456	36678	36685	36697	525	396	1022	378	542
37137	37147	37157	37233	37216	37261	37328	37315	37516	37538	37556	521	380	1022	375	528
37898	37907	37917	38143	38128	38172	38226	38235	38458	38466	38477	522	383	1022	383	539
38699	38706	38718	38994	38977	39021	39088	39075	39297	39308	39314	520	385	1022	383	536
39657	39666	39676	39876	39861	39904	39968	39956	40178	40200	40217	520	382	1022	373	536
40697	40709	40717	40810	40791	40838	40889	40879	41095	41116	41133	518	396	1022	384	521
41654	41662	41673	41744	41727	41772	41824	41832	42035	42058	42074	516	394	1022	385	538
42496	42504	42512	42580	42566	42609	42665	42672	42891	42896	42912	521	389	975	397	540
43058	43067	43078	43334	43317	43360	43428	43417	43639	43645	43658	525	381	955	401	540
43874	43881	43893	44121	44104	44149	44206	44194	44414	44423	44432	528	385	1022	392	552
44655	44663	44674	44956	44940	44984	45049	45034	45258	45266	45276	521	374	1022	371	556
45558	45566	45576	45852	45832	45878	45949	45936	46136	46161	46177	521	385	1022	361	552
46518	46527	46536	46793	46775	46820	46890	46876	47098	47105	47117	517	385	1022	363	557
47718	47727	47737	47774	47757	47802	47868	47856	48078	48088	48097	516	387	1022	372	550
48657	48668	48676	48768	48751	48796	48846	48856	49058	49078	49097	517	397	1022	384	532
49659	49668	49677	49735	49719	49763	49829	49817	50040	50048	50057	519	388	1022	381	543
50639	50648	50658	50697	50680	50725	50787	50776	50976	50995	51016	520	388	1022	385	530
51358	51368	51378	51639	51625	51668	51787	51718	51938	51953	51958	514	387	1017	387	534
52277	52288	52297	52572	52556	52600	52689	52656	52878	52883	52898	514	395	1011	390	535
53238	53248	53257	53482	53468	53511	53569	53560	53779	53787	53797	519	391	1019	387	539
54258	54269	54277	54368	54351	54395	54446	54455	54660	54676	54697	519	395	1012	390	527
54939	54949	54957	55246	55230	55275	55328	55320	55539	55557	55577	521	396	1012	393	528
55819	55827	55837	56115	56098	56143	56210	56197	56400	56409	56417	520	388	1005	396	536
56739	56747	56757	56969	56952	56996	57047	57056	57259	57279	57297	519	394	1022	385	532
57798	57807	57817	57859	57844	57887	57949	57937	58160	58173	58197	519	385	1022	380	537
58459	58466	58477	58756	58741	58784	58848	58836	59059	59065	59077	519	384	1022	382	538
59539	59548	59558	59635	59619	59663	59729	59718	59938	59949	59956	520	389	1022	379	540
