524
1266
1977
2698
3381
4027
4691
5371
6085
6786
7551
8325
9118
9885
10668
11416
12154
12841
13553
14274
15028
15756
16579
17268
17980
18715
19483
20164
20876
21580
22362
23067
23823
24555
25312
26058
26786
27515
28228
28946
29622
30290
30989
31726
32344
33067
33741
34438
35109
35790
36454
37095
37716
38325
38908
39514
40035
40590
41168
41727
42301
42882
43470
44080
44687
45276
45872
46505
47134
47778
48453
49143
49866
50554
51261
51960
52639
53323
54022
54715
55415
56113
56792
57454
58128
58797
59495
