318
1084
1806
2507
3181
3827
4527
5199
5918
6584
7372
8150
8938
9680
10484
11214
11953
12649
13358
14070
14795
15525
16258
17007
17787
18538
19263
19960
20702
21397
22173
22872
23635
24353
25110
25863
26577
27337
28024
28736
29428
30092
30789
31478
32150
32853
33548
34266
34950
35617
36277
36922
37516
38118
38715
39294
39858
40408
40962
41534
42100
42686
43283
43883
44479
45078
45685
46303
46947
47584
48266
48946
49652
50354
51060
51751
52439
53128
53819
54512
55210
55905
56581
57261
57929
58603
59287
