350
1092
1814
2540
3212
3859
4534
5206
5926
6616
7380
8158
8947
9712
10492
11247
11986
12681
13391
14103
14828
15558
16290
17040
17796
18547
19296
19992
20710
21430
22182
22904
23643
24385
25142
25896
26608
27344
28056
28769
29460
30124
30821
31510
32181
32887
33581
34275
34959
35626
36286
36931
37548
38150
38747
39326
39890
40440
40994
41566
42132
42717
43316
43914
44510
45110
45716
46335
46978
47616
48297
48978
49685
50387
51092
51783
52471
53160
53851
54544
55242
55937
56613
57293
57961
58635
59318
