568
1319
2037
2760
3429
4088
4766
5430
6156
6838
7622
8375
9171
9933
10716
11470
12207
12904
13617
14326
15048
15773
16591
17280
18016
18761
19516
20212
20932
21646
22410
23124
23864
24603
25361
26121
26829
27573
28279
28987
29682
30339
31018
31736
32401
33112
33794
34492
35177
35846
36498
37164
37788
38367
38962
39544
40098
40651
41216
41789
42354
42936
43528
44125
44722
45326
45934
46548
47192
47828
48518
49200
49909
50605
51318
52012
52702
53401
54077
54768
55466
56162
56839
57537
58192
58858
59541
