898
1568
2237
2899
3567
4242
4925
5612
6281
6921
7560
8205
8862
9587
10404
11204
11983
12731
13467
14187
14878
15544
16187
16812
17429
18055
18684
19334
20014
20769
21607
22368
23061
23739
24417
25106
25880
26702
27423
28158
28905
29694
30435
31172
31906
32625
33345
34011
34672
35325
35967
36593
37214
37829
38451
39085
39725
40377
41022
41652
42270
42892
43522
44194
44991
45787
46523
47231
47924
48619
49314
50007
50698
51396
52081
52742
53393
54050
54721
55423
56152
56904
57633
58340
59015
59684
60354
61049
