710
1467
2237
3083
3908
4776
5571
6416
7246
7993
8747
9568
10441
11293
12165
13098
13947
14780
15643
16434
17179
17920
18697
19489
20224
20967
21712
22480
23309
24130
24902
25647
26448
27197
28034
28750
29457
30146
30901
31700
32572
33422
34247
35037
35782
36475
37148
37800
38435
39052
39667
40298
40954
41598
42291
43028
43830
44551
45333
46114
46834
47553
48280
49000
49690
50396
51086
51776
52445
53149
53856
54567
55270
55988
56718
57434
58164
58899
59627
60333
61036
