777
1579
2341
3180
4048
4884
5677
6538
7332
8070
8865
9682
10586
11539
12278
13201
14053
14917
15782
16588
17284
18031
18787
19616
20317
21061
21815
22594
23425
24242
25012
25739
nan
nan
nan
28827
29555
30216
31014
31799
32691
33538
34347
35134
35896
36628
37261
37886
nan
39155
39766
40410
41047
41681
42396
43167
43937
44625
45467
nan
46930
47678
48385
49115
49804
50529
51216
51922
52562
53253
53961
54633
55372
56102
56833
57523
58277
59001
59737
60468
61113
