664
1349
1996
2835
3372
4028
4706
5548
6073
6741
7495
7997
8657
9347
10344
10958
11917
12664
13416
13974
14815
15333
16129
16631
17378
17858
18485
19272
19772
20557
21547
22301
22995
23513
24229
24894
25639
26635
27195
27950
28674
29626
30216
30932
31685
32577
33273
33834
34609
35128
35785
36398
37025
37630
38401
38876
39668
40145
40792
41449
42216
42720
43331
43964
44931
45592
46305
46986
47704
nan
49088
49942
50524
51334
51875
52543
53203
53810
54506
55361
56091
56841
57388
58278
58794
59470
60134
60821
