1083
1792
2465
3130
3801
4473
5154
5843
6503
7116
7787
8437
9095
9821
10642
11439
12225
12966
13700
14420
15108
15770
16409
17038
17652
18275
18908
19564
20247
21006
21846
22669
23290
23971
24648
25341
26117
26940
27650
28389
29145
29930
30667
31383
32210
32867
33572
34242
34879
35555
36155
36829
37449
38066
38686
39320
39960
40610
41229
41867
42489
43124
43754
44428
45225
46019
46747
47464
48158
48856
49551
50242
50920
51626
52303
52961
53622
54287
54957
55660
56381
57136
57861
58557
59245
59915
60586
61277
