809
1351
1961
2558
3270
4087
4787
5469
6250
7023
7764
8546
9230
10086
10631
11301
11849
12767
13545
14202
14833
15711
16362
17285
17904
18613
19287
20031
20788
21527
22459
23159
23945
24736
25439
26263
26881
nan
28220
28844
29600
30413
31212
31927
32639
33306
33996
34641
35343
36002
36624
37202
37819
38499
39157
39676
40344
40912
41720
42175
42863
43517
44144
44823
45398
46097
46692
47297
47920
48592
49145
49741
50315
51002
51644
52320
52968
53679
54323
54960
55513
56094
56679
57239
57857
58504
59188
59824
60476
61059
61719
62296
62879
