605
1181
1783
2403
3053
3787
4564
5271
6062
6877
7631
8307
9026
9769
10445
11072
11694
12528
13357
14034
14677
15378
16189
16977
17701
18308
19089
19792
20580
21341
22132
22948
23725
24522
25288
26009
26691
27334
27986
28672
29375
30191
31040
31671
32473
33117
33711
34467
35121
35755
36386
36890
37535
38228
38797
39537
40144
40763
41394
42034
42668
43315
43980
44619
45253
45902
46539
47040
47769
48252
49011
49520
50182
50789
51450
52159
52834
53483
54128
54676
55375
55963
56452
57108
57671
58291
58902
59634
60253
60871
61478
62095
62718
