407
1193
2030
2811
3621
4488
5322
6101
6953
7769
8535
9391
10283
11058
11897
12819
13649
14444
15291
16104
16950
17812
18591
19337
20118
20992
21860
22625
23390
24231
25074
25878
26721
27529
28342
29144
29896
30747
31259
32264
32993
33736
34469
35200
35969
nan
37442
38188
38935
39654
40413
41184
41934
42800
43705
44553
45453
46301
47124
47989
48801
49649
50486
51292
52112
52521
52960
53783
54636
55500
56331
57184
58068
58877
59721
60578
