1010
1764
2546
3359
4180
4973
5741
6456
7120
7755
8369
8980
9610
10263
11007
11778
12543
13305
14063
14779
15462
16134
16814
17537
18263
18959
19635
20329
21036
21752
22497
23208
23928
24648
25361
26031
26692
27366
28065
28777
29520
30270
30995
31724
32453
33166
33848
34474
35103
35722
36329
36931
37531
38129
38732
39329
39921
40513
41097
41674
42243
42808
43369
43942
44530
45150
45783
46437
47101
47751
48380
48996
49607
50219
50837
51480
52136
52795
53452
54091
54714
55329
55937
56533
57119
57694
58273
58887
59915
60814
61658
