1034
1790
2571
3384
4205
4999
5766
6480
7143
7778
8393
9000
9628
10286
11032
11804
12571
13332
14087
14803
15485
16157
16838
17561
18290
18983
19659
20354
21059
21777
22521
23234
23953
24675
25384
26055
26715
27390
28090
28802
29545
30294
31019
31748
32477
33191
33876
34501
35130
35749
36357
36959
37559
38157
38757
39355
39947
40537
41121
41697
42267
42831
43393
43966
44555
45174
45807
46462
47127
47776
48405
49021
49631
50244
50861
51504
52160
52819
53476
54114
54738
55354
55963
56558
57143
57719
58296
58910
59939
60838
61684
