1092
1831
2611
nan
4252
nan
5811
6531
7189
7854
8451
9049
nan
10330
11070
11850
12610
13391
14129
14847
15530
16212
16889
17609
18329
19031
19711
20411
21111
21832
22571
23293
24013
24773
25455
26114
26775
27456
28133
28913
29635
30356
31076
31795
32519
33240
33914
34552
nan
35794
36439
nan
37601
nan
38803
nan
40048
40584
41161
41741
42325
42884
43443
44005
nan
45223
45845
46502
47184
47822
48466
49062
49683
50305
50928
51565
52225
52861
53522
nan
54786
nan
56031
56604
57206
57786
58371
58967
59988
60888
nan
