1327
1913
2862
nan
4495
nan
6057
6778
7429
8055
8677
9278
nan
10574
11175
12097
12863
13624
14231
15089
15777
16450
17128
17853
18581
19273
19944
20471
21351
22066
22815
23354
24059
24960
25672
26342
27001
27673
28379
29090
29834
30585
31315
31888
32767
33342
34177
34793
nan
35985
36636
nan
37853
nan
39042
nan
40236
40819
41401
41983
42562
43111
43678
44246
nan
45458
46095
46753
47419
48057
48690
49323
49918
50525
51144
51785
52442
53109
53767
nan
54874
nan
56256
56847
57425
58003
58578
59198
60232
60966
nan
