636
1457
2304
2999
3971
4804
5654
6522
7365
8153
8969
9820
10713
11536
12339
13181
14049
14929
15748
16594
17471
18358
19171
20007
20855
21743
22566
23364
24201
25073
25904
26729
27607
28496
29308
30110
30916
31732
32507
33284
34054
34824
35593
36345
37092
37843
38606
39339
40079
40848
41628
42414
43166
43926
44700
45498
46290
47061
47859
48699
49551
50372
51184
52004
52835
53630
54417
55229
56071
56902
57712
58548
59389
60210
