963
1798
2649
3192
4307
5171
5985
6852
7720
8495
9337
10152
11037
11886
12689
13500
14380
15320
16085
16927
17806
18700
19519
20332
21212
22080
22904
23702
24520
25426
26297
27063
27951
28856
29628
30485
31232
32087
32900
33609
34392
35211
35921
36717
37417
38168
38950
39697
40413
41208
41984
42759
43494
44263
45053
45873
46641
47375
48185
49056
49897
50713
51518
52338
53185
54044
54749
55578
56389
57255
58043
58876
59724
nan
