1292
2180
3087
3999
4829
5725
6628
7530
8434
9326
10221
11093
12052
12923
13795
14483
15636
16536
17345
18144
18945
19769
20463
21247
22097
22997
23839
24699
25600
26505
27429
28223
29113
30024
30793
31632
32496
33390
34147
34952
35677
36417
37143
37847
38599
39327
40003
40714
41401
42189
42881
43586
44320
45026
45829
46489
47184
47944
48689
49462
50321
51136
51984
52764
53629
54408
55293
56076
56863
57724
58507
59440
60238
nan
