1000
1917
2813
3691
4572
5456
6371
7286
8154
9012
9926
10846
11756
12635
13546
14101
15360
16239
17071
17876
18671
19444
20202
20988
21855
22724
23561
24442
25330
26229
27088
27955
28830
29696
30540
31372
32207
33056
33858
34674
35435
36182
36902
37622
38336
39044
39752
40470
41191
41911
42626
43336
44058
44784
45502
46217
46935
47670
48433
49235
50073
50897
51702
52525
53357
54190
55010
55806
56617
57449
58283
59117
59931
60741
