1298
2042
2779
3518
4137
4937
5737
6577
7395
8295
9137
9816
10557
11337
12095
12897
13719
14577
15279
16116
16938
17754
18517
nan
20098
nan
21676
22557
23336
24116
24898
25577
26258
27196
27933
28694
29555
30293
31015
31817
32438
33076
33756
34375
35015
35656
36396
37036
37796
38233
39135
39855
40594
41335
42035
42715
43495
44055
45036
45715
46314
47275
48014
48695
49435
50176
50915
51695
52316
53155
53875
54656
55576
56517
57236
58154
58814
59696
