816
1437
2300
2918
3618
4535
5278
6060
7018
7658
8657
9437
10238
10957
11579
12536
13320
14116
14977
15678
16595
17397
18156
18911
19697
20516
21294
21937
22855
23594
24414
25174
25974
26595
27415
28177
29016
29956
30558
31221
32076
32755
33197
34056
34635
35136
35995
36596
37375
37914
38635
39474
39995
40855
41455
42194
42895
43635
44573
45296
46094
46654
47615
48333
49133
49675
50353
51096
52013
52515
53514
54336
55195
55876
56755
57576
58353
59135
