908
1663
2412
3144
3866
4641
5463
6308
7119
7912
8737
9540
10295
11052
11827
12638
13443
14217
15024
15851
16686
17489
18253
19025
19793
20607
21389
22158
22945
23750
24531
25286
26057
26848
27655
28427
29212
30023
30780
31468
32144
32803
33460
34106
34745
35385
36041
36721
37406
38089
38783
39503
40247
40999
41723
42404
43122
43864
44644
45388
46126
46885
47664
48444
49163
49864
50582
51307
52044
52768
53564
54420
55302
56127
56948
57801
58622
59386
