839
1459
2342
2936
3637
4558
5299
6080
7036
7677
8677
9459
10258
10979
11597
12556
13379
14138
14996
15699
16616
17418
18181
18935
19717
20536
21321
21956
22877
23632
24496
25218
25998
26615
27435
28196
29035
29974
30578
31257
32095
32774
33215
34074
34655
35155
36015
36614
37393
37935
38655
39494
40013
40874
41476
42216
42915
43655
44593
45316
46114
46694
47634
48353
49153
49693
50375
51113
52035
52534
53533
54354
55214
55894
56775
57595
58376
59154
