404
1141
1889
2630
3420
4197
4974
5778
6530
7264
8025
8783
9484
10156
10808
11453
12116
12839
13588
14524
15308
15940
16756
17505
18262
18921
19577
20245
20891
21561
22295
nan
23761
24517
25218
25956
26689
27356
28036
28766
29447
30156
30906
31492
32482
32956
33627
34246
34930
35548
36190
36833
37454
38059
38704
39283
39865
40587
41069
41656
42433
42902
43544
44152
44789
45427
46109
46760
47399
48057
48817
49292
49970
50568
51153
51878
52337
52935
53474
54064
54682
55309
55923
56546
57174
57814
58432
59149
59836
nan
60961
61584
62221
62954
63419
