675
1242
2048
2735
3507
4289
5048
5914
6783
7421
nan
8917
9618
10318
11058
11540
12367
13079
13726
14627
nan
16102
16860
17647
18353
19197
19765
20358
21080
21660
22554
23250
nan
24640
25360
26057
26777
27461
28166
28882
29563
30290
31016
31382
nan
33121
33665
nan
34974
35669
36305
36930
37737
38206
38790
39400
40178
40727
41272
nan
42573
43168
43746
44259
nan
nan
46163
nan
47627
48287
48767
49548
nan
nan
51426
51996
nan
52990
53688
54237
54789
55438
56055
56757
57254
58094
58756
nan
nan
60614
nan
61737
nan
62925
63536
