906
1530
2145
2751
3350
3957
4569
5183
5779
6386
7011
7651
8284
8900
9513
10145
10779
11421
12049
12680
13334
13983
14627
15266
15920
16585
17251
17885
18521
19167
19812
20452
21081
21698
22321
22957
23606
24257
24905
25544
26179
26824
27477
28127
28785
29419
30059
30681
31348
31891
32484
33083
33682
34277
34879
35493
36125
36749
37396
38019
38668
39313
39948
40586
41224
41851
42481
43114
43751
44388
45013
45629
46256
46897
47544
48190
48828
49462
50085
50737
51392
52047
52708
53360
54057
54738
55418
56084
56783
57478
58149
58812
59463
60113
