782
1391
2012
2636
3224
3836
4438
5053
5525
6260
6888
7526
8168
8759
9410
10027
10658
11307
11928
12552
13201
13862
14505
15139
15701
16469
17120
17741
18303
19042
19661
20319
20881
21571
22184
22805
23479
24133
24779
25420
26046
26679
27338
27978
28642
29280
29906
30451
31145
31754
32367
32883
33529
34160
34758
35353
35998
36632
37274
37888
38546
39110
39827
40421
41109
41729
42361
43002
43626
44261
44868
45496
46126
46781
47419
48071
48669
49343
49950
50616
51264
51897
52471
53231
53870
54528
55304
55955
56658
57357
58016
58690
59334
59981
