841
1467
2081
2682
3285
3893
4505
5119
5714
6320
6946
7584
8219
8832
9449
10080
10713
11355
11982
12616
13268
13917
14562
15199
15854
16520
17187
17818
18458
19103
19745
20388
21014
21633
22256
22891
23539
24193
24835
25478
26113
26757
27412
28063
28718
29354
29998
30615
31226
31816
32421
33014
33618
34214
34813
35426
36056
36684
37333
37955
38602
39250
39885
40519
41162
41783
42417
43049
43688
44322
44949
45563
46193
46834
47480
48127
48765
49397
50016
50675
51327
51986
52644
53294
53995
54674
55355
56019
56719
57415
58084
58745
59398
60049
