1112
1765
2371
2955
3577
4181
4801
5406
6002
6612
7233
7836
8486
9123
9741
10376
10994
11642
12244
12890
13566
14172
14843
15503
16137
16807
17500
18093
18743
19362
20021
20649
21309
21930
22557
23188
23820
24469
25127
25746
26404
27053
27699
28358
29029
29633
30285
30904
31497
32057
32503
33329
33905
34511
35092
35730
36350
36973
37627
38224
38894
39531
40171
40819
41426
42065
42714
43355
43962
44630
45192
45824
46484
47115
47773
48425
49056
49667
50307
50962
51614
52252
52930
53573
54288
54966
55642
56304
57008
57711
58378
59024
59682
60347
