877
1617
2438
nan
4258
5157
6062
6923
nan
8504
9305
10086
10886
11726
12586
nan
14288
15168
16028
16889
17709
18549
19390
20230
21050
21911
22731
23551
24311
25091
25891
26712
27552
28413
29272
30113
30993
31833
32674
33474
34234
34994
35834
36635
37497
38377
39317
40237
41178
42078
42939
43779
44620
45440
46261
47041
47822
48581
49343
50122
50942
51783
52623
53464
54264
55104
55885
56705
57486
58306
59066
59866
60687
61467
62248
63008
63829
64649
65490
66330
67130
67931
68752
69572
70332
71133
71953
72754
73554
74355
75196
76036
76837
77637
78438
nan
