615	624	642	709	692	730	789	781	972	1002	1052	502	424	784	453	501
1361	1386	1397	1485	1469	1507	1651	1557	1758	1785	1831	504	423	815	427	523
2556	2572	2619	2675	2659	2697	2851	2741	2903	2987	3036	521	445	846	445	534
3561	3566	3584	3850	3834	3872	4011	3920	4117	4158	4214	504	437	823	442	535
4772	4788	4832	4886	4870	4908	4970	4958	5175	5195	5242	518	440	819	445	523
5830	5848	5855	5948	5931	5969	6125	6023	6246	6257	6311	515	441	810	446	522
6816	6846	6854	6948	6931	6970	7086	7017	7213	7258	7304	515	441	812	448	515
7816	7837	7841	7939	7922	7960	8061	8014	8238	8249	8283	527	449	809	462	509
8444	8465	8473	8776	8758	8797	8888	8854	9060	9079	9132	519	411	721	451	526
9277	9287	9300	9583	9565	9604	9704	9661	9874	9890	9919	514	431	752	458	534
10456	10463	10475	10555	10540	10577	10666	10622	10819	10872	10908	511	432	792	438	513
11421	11445	11472	11523	11508	11545	11628	11597	11791	11827	11883	521	457	832	473	519
12336	12365	12413	12465	12448	12487	12547	12538	12687	12744	12755	545	458	830	445	509
13176	13184	13212	13405	13389	13427	13545	13478	13690	13709	13756	520	417	800	426	496
14134	14145	14157	14252	14235	14273	14361	14318	14532	14563	14603	532	447	803	464	559
14939	14972	15012	15080	15063	15103	15183	15246	15332	15382	15414	547	433	742	439	515
15696	15703	15729	15852	15837	15875	15947	15930	16108	16120	16135	503	451	785	465	487
16445	16466	16477	16573	16556	16593	16665	16636	16833	16844	16855	533	435	764	462	551
17153	17186	17216	17281	17264	17301	17364	17353	17559	17571	17634	546	471	790	465	533
17854	17901	17918	17988	17972	18009	18124	18053	18230	18265	18276	478	423	770	446	562
18492	18499	18538	18706	18689	18727	18739	18776	18978	18999	19056	548	437	767	451	536
19230	19261	19275	19451	19435	19472	19523	19516	19729	19741	19752	515	423	736	460	504
20053	20083	20096	20196	20178	20216	20293	20267	20460	20496	20521	523	426	734	443	523
20778	20790	20807	21043	21027	21065	21127	21117	21333	21342	21390	516	430	782	449	508
22110	22127	22131	22233	22217	22254	22304	22297	22493	22550	22590	515	433	792	441	516
23111	23123	23134	23374	23358	23396	23522	23451	23651	23690	23734	532	432	803	435	525
24351	24366	24373	24471	24454	24492	24587	24551	24773	24786	24821	522	443	812	448	513
25353	25379	25391	25479	25464	25502	25566	25553	25754	25783	25792	511	443	798	451	523
26371	26386	26408	26465	26448	26486	26606	26533	26757	26765	26831	519	451	797	463	531
27130	27145	27155	27451	27435	27473	27521	27533	27749	27759	27809	516	445	789	451	523
28334	28361	28370	28462	28446	28484	28548	28535	28749	28772	28828	512	440	789	454	518
29328	29343	29353	29448	29432	29469	29523	29516	29734	29755	29796	526	450	774	469	524
30270	30283	30294	30396	30380	30417	30486	30465	30668	30703	30734	513	438	788	448	572
31299	31318	31322	31384	31368	31404	31415	31491	31688	31705	31734	501	500	777	481	599
31910	31920	31937	32232	32214	32252	32267	32292	32493	32511	32517	556	381	703	386	550
33028	33037	33046	33097	33083	33120	33184	33173	33394	33410	33437	519	444	816	425	530
33674	33686	33699	33908	33888	33929	33982	33974	34174	34210	34230	521	448	806	451	512
34655	34665	34675	34723	34708	34746	34801	34795	35033	35038	35056	532	448	844	440	521
35233	35242	35253	35488	35467	35508	35573	35557	35775	35780	35794	519	448	833	437	513
36092	36140	36151	36217	36203	36240	36302	36418	36514	36537	36572	543	448	851	432	473
36809	36839	36853	36921	36906	36943	37007	36992	37215	37224	37238	560	472	851	470	537
37416	37425	37436	37627	37611	37648	37703	37693	37913	37934	37974	520	428	812	445	515
38073	38084	38093	38350	38333	38371	38426	38415	38637	38650	38658	510	439	833	450	521
38954	38983	38999	39073	39057	39094	39187	39153	39358	39371	39418	541	460	812	486	551
39514	39527	39545	39777	39765	39802	39865	39839	40060	40091	40119	534	372	788	379	531
40373	40385	40416	40471	40455	40492	40559	40538	40617	40626	40637	535	438	774	453	538
40915	40930	40945	41136	41121	41157	41206	41197	41536	41546	41559	515	414	742	442	542
41716	41724	41739	41802	41788	41825	41889	41878	42097	42101	42119	563	475	857	460	534
42369	42389	42400	42479	42464	42500	42545	42558	42758	42773	42818	529	467	802	482	515
43053	43065	43077	43162	43147	43183	43245	43236	43437	43462	43498	537	419	750	441	546
43616	43628	43657	43893	43874	43913	43963	43975	44197	44201	44220	537	422	748	420	507
44381	44403	44417	44691	44674	44712	44768	44756	44974	44986	44996	509	428	775	438	527
45476	45487	45499	45737	45723	45759	45810	45800	46040	46049	46099	512	408	796	416	538
46398	46410	46422	46662	46648	46686	46731	46745	46959	46969	46976	534	428	844	432	518
47321	47332	47343	47604	47588	47626	47735	47674	47896	47914	47943	524	435	863	429	516
48379	48388	48400	48541	48527	48564	48606	48616	48838	48843	48857	520	435	864	433	518
49161	49171	49180	49476	49459	49497	49540	49554	49760	49774	49785	523	453	864	437	524
50200	50209	50218	50395	50375	50415	50468	50459	50695	50706	50736	523	446	853	445	535
51220	51229	51240	51299	51284	51321	51370	51362	51581	51597	51620	524	443	841	445	516
52081	52093	52105	52182	52168	52204	52251	52243	52484	52490	52508	524	443	827	440	526
52803	52817	52836	53026	53010	53047	53110	53100	53320	53332	53345	529	441	801	446	535
53502	53513	53523	53832	53815	53853	53916	53904	54126	54137	54164	522	437	818	440	520
54523	54532	54543	54616	54599	54637	54689	54677	54883	54892	54904	530	455	861	453	515
55182	55192	55205	55422	55407	55443	55491	55501	55702	55725	55744	524	428	812	438	526
56067	56075	56086	56314	56301	56338	56400	56388	56622	56628	56648	524	441	836	436	520
57046	57057	57070	57266	57252	57288	57332	57348	57568	57577	57601	517	402	792	416	527
57889	57897	57907	58160	58142	58181	58234	58224	58441	58469	58500	530	448	805	457	534
58709	58722	58747	59024	59008	59047	59094	59103	59324	59330	59348	522	434	856	430	527
59784	59799	59821	59884	59868	59905	59981	59956	60185	60190	60224	515	437	832	431	519
