389
901
1629
2232
2870
3562
4142
4770
5479
6343
7095
7641
8510
9254
10057
10946
11815
12542
13083
13898
14496
15551
16361
17103
17794
18582
19132
19778
20577
21215
21895
22634
23207
24227
25125
25928
26640
27357
27798
28596
29013
29575
30191
30749
31297
31654
32314
32847
33243
33833
34373
35027
35463
36003
36540
37085
37614
38239
38725
39400
39945
40443
41144
41650
42228
42890
43589
44105
44857
45478
46068
46653
47099
47797
48501
48999
49593
50129
50799
51199
51864
52349
52889
53360
54019
54587
55071
55683
56394
56847
57563
58155
