372
889
1620
2210
2839
3526
4126
4761
5469
6325
7074
7638
8503
9234
10037
10916
11793
12518
13071
13889
14477
15507
16313
17076
17786
18544
19108
19749
20546
21209
21874
22620
23195
24209
25091
25884
26618
27342
27793
28587
28947
29555
30151
30731
31263
31639
32280
32827
33205
33803
34362
35002
35451
35982
36532
37057
37562
38204
38713
39378
39911
40415
41129
41636
42212
42877
43569
44075
44811
45451
46032
46634
47061
47789
48430
48969
49577
50112
50775
51184
51841
52322
52866
53332
53994
54577
55061
55674
56363
56836
57540
58113
