477
1120
1736
2372
2966
3637
4261
4982
5709
6421
7167
7861
8573
9322
10134
11036
11895
12615
13290
13975
14718
15637
16547
17300
17986
18666
19307
19974
20670
21437
22089
22745
23425
24305
25217
26032
26749
27422
28017
28645
29189
29706
30278
30843
31379
31863
32402
32963
33453
33991
34511
35107
35559
36113
36667
37210
37735
38321
38881
39481
40057
40617
41224
41866
42398
43054
43676
44297
44926
45540
46140
46709
47324
47954
48569
49187
49733
50311
50859
51390
51946
52433
52969
53544
54097
54659
55260
55812
56462
57026
57642
58223
