464
1101
1716
2340
2945
3618
4241
4960
5687
6408
7149
7839
8557
9305
10123
11014
11877
12597
13256
13938
14701
15615
16531
17277
17973
18653
19293
19957
20649
21417
22070
22715
23391
24268
25194
26018
26714
27408
28009
28626
29177
29702
30266
30823
31350
31851
32390
32951
33442
33978
34500
35082
35570
36101
36654
37194
37742
38309
38868
39463
40041
40598
41209
41847
42390
43034
43656
44285
44906
45505
46122
46695
47311
47935
48535
49188
49724
50300
50847
51379
51927
52422
52955
53499
54053
54639
55240
55802
56450
57006
57596
58190
