1024
1832
2511
3248
4005
4751
5472
6292
7031
7811
8614
9311
10052
10831
11551
12335
13054
13788
14570
15289
16033
16752
17489
18248
18985
19719
20446
21171
21927
22647
23389
24125
24842
25570
26287
27005
27707
28434
28915
29498
29931
30659
31125
32322
33387
34051
34730
35488
36148
36821
37506
38182
38884
39582
40281
41064
41683
42362
43086
43785
44484
45198
45917
46617
47383
48104
48784
49494
50243
50984
51703
52427
53119
53859
54614
55296
56084
56754
57484
58175
58939
59619
