1337
2077
2799
3537
4180
4957
5778
6619
7437
8316
9158
9858
10599
11358
12140
12936
13760
14616
15318
16158
16976
17797
18558
nan
20117
nan
21697
22576
23356
24138
24954
25599
26317
27232
27978
28759
29573
30318
31057
31835
32476
33094
33775
34394
35034
35694
36414
37054
37816
38273
39174
39894
40615
41354
42055
42734
43534
44076
45053
45753
46335
47294
48035
48714
49453
50215
50934
51714
52355
53194
53915
54674
55616
56534
57257
58174
58838
59734
