1027
1766
2547
3244
3965
4745
5565
6405
7225
8026
8846
9646
10407
11167
11926
12743
13546
14323
15123
15965
16785
17584
18367
nan
19907
nan
21509
22264
23046
23863
24647
25383
26190
26966
27765
28609
29326
30126
30881
31585
32245
32904
33563
34202
34844
35485
36124
36823
37503
38184
38883
39604
40343
41103
41806
42503
43223
43963
44742
45482
46223
46984
47762
48540
49262
49964
50683
51402
52145
52862
53662
54524
55402
56223
57043
57882
58722
59482
