945
1708
2482
3262
4010
4761
5533
6333
7090
7785
8513
9339
10253
11113
11888
12698
13528
nan
15126
15880
16641
17447
18230
18981
19768
20623
21507
22292
23072
23856
24648
25393
26155
26936
27730
28469
29240
29996
30670
31304
31920
32529
33139
33740
34328
34910
35511
36139
36765
37383
37983
38560
39129
39711
40325
40984
41664
42307
42912
43504
44118
44813
45600
46418
47216
47972
48675
49331
49973
50690
51497
52351
53178
53914
54600
55253
55971
56767
57616
58438
59182
59873
60574
