nan
1985
2847
3502
4274
5034
5820
6606
7353
8037
8797
9624
10532
11394
12159
12971
13818
14628
15388
nan
17017
17720
18493
19253
20042
20922
21792
22563
nan
24124
24911
25663
26424
27208
27990
28739
29554
30256
30935
31573
32167
32800
33395
34013
34596
35306
35916
36509
37022
37638
38261
38817
39384
39973
40581
41278
41939
42579
43284
43762
44395
45086
45995
46676
47484
48224
48935
49590
50230
51060
51900
52623
53427
54183
54864
55515
56237
57059
58000
58693
59440
60125
60845
