805
1627
2206
3006
3763
4617
5485
6183
6941
7504
8256
9156
9996
10923
11665
12572
13352
nan
15046
15657
16501
17308
18125
18839
19621
20452
21349
22204
22978
23625
24423
25245
25910
26843
27585
28375
28969
29811
30599
31224
31680
32385
32955
33622
34220
34771
35272
36003
36563
37228
37924
38423
38994
39573
40221
40932
41399
42235
42799
43395
44039
44569
45377
46285
47102
47742
48466
49225
49901
50620
51431
52113
52929
53787
54346
55120
55915
56508
57478
58312
58936
59641
60441
