1050
1827
2671
3437
4185
4964
5743
6534
7315
8066
8831
9593
10348
11135
11931
12713
13468
14264
15063
15859
16877
17726
18561
19389
20220
21043
21862
22493
23212
23972
24748
25541
26340
27122
27934
28737
29576
30341
31192
31837
32549
33131
33722
34301
35013
35699
36453
37270
38102
38738
39478
nan
40937
41662
nan
43163
43772
44548
45171
45902
46641
47438
48333
49171
50193
51112
51997
52832
53728
54556
55401
56229
57072
57841
58678
59509
60346
