553
1299
2330
2911
3817
4444
5233
6008
6790
7540
8465
9214
9832
10658
11421
12200
12951
13898
14562
15487
16521
17379
18214
19045
19877
20687
21543
22129
22749
23499
24242
25015
25977
26608
27589
28202
29199
29825
30569
31358
31939
32726
33213
33917
34576
35203
35950
36890
37482
38221
38931
39686
40409
41165
41888
42642
43416
44146
44665
45429
46164
46919
47737
48641
49790
50716
51597
52468
53147
54161
55008
55658
56671
57309
58289
58956
59778
