762
1565
2378
3176
3962
4742
5486
6201
6902
7578
8242
8903
9572
10292
11053
11830
12654
13493
14290
15071
15849
16623
17353
18075
18816
19574
20294
20988
21690
22409
23106
23811
24529
25268
26011
26772
27511
28231
28921
29571
30198
30819
31427
32022
32625
33258
33969
34770
35593
36461
37380
38294
39165
40026
40875
41718
42514
43253
44036
44877
45645
46403
47188
47968
48724
49482
50223
50965
51728
52545
53416
54217
55022
55819
56632
57456
