746
1550
2359
3157
3946
4725
5471
6181
6883
7559
8223
8885
9555
10275
11037
11815
12638
13477
14274
15056
15832
16604
17337
18059
18800
19558
20277
20970
21673
22392
23087
23794
24511
25249
25994
26755
27496
28215
28905
29554
30183
30802
31409
32006
32607
33243
33951
34751
35575
36446
37365
38276
39148
40009
40858
41704
42495
43234
44020
44861
45629
46386
47170
47950
48707
49466
50206
50949
51713
52529
53398
54198
54997
55800
56616
57437
