841
1642
2462
3261
4043
4823
5564
6283
6984
7665
8325
8985
9647
10368
11129
11908
12730
13571
14370
15150
15929
16708
17431
18151
18893
19652
20370
21070
21770
22490
23191
23891
24613
25352
26092
26851
27592
28313
29012
29654
30276
30896
31513
32096
32714
33336
34054
34855
35675
36539
37457
38376
39243
40117
40959
41798
42597
43337
44122
44958
45721
46497
47275
48057
48814
49575
50320
51042
51804
52622
53502
54304
55123
55902
56710
57544
