501
1141
2170
2830
3834
4672
5518
6387
7119
7861
8652
9727
10556
11281
12056
13044
13914
14655
15455
16282
17228
18196
18869
19872
20721
21514
22281
23226
24129
24828
25602
26577
27470
28228
29027
29971
30832
31508
32394
32956
33829
34562
35489
36201
36939
37532
38302
39200
39809
40576
41397
42278
42924
43629
44399
45173
46183
46928
47786
48414
49252
50100
50866
51747
52516
53306
54289
54911
55748
56773
57392
58241
59077
59896
