605
1427
2273
2983
3939
4773
5622
6490
7332
8118
8938
9788
10684
11504
12306
13148
14018
14893
15713
16563
17437
18326
19140
19974
20825
21708
22531
23334
24171
25045
25873
26696
27577
28462
29278
30078
30886
31702
32478
33255
34026
34797
35565
36314
37065
37815
38577
39309
40052
40819
41601
42386
43137
43900
44672
45470
46260
47033
47833
48671
49523
50343
51157
51976
52807
53601
54389
55201
56042
56873
57686
58520
59362
60182
