700
1511
2356
3110
4009
4870
5701
6570
7435
8198
9043
9882
10766
11582
12398
13267
14150
14983
15800
16675
17539
18419
19232
20073
20952
21780
22608
23418
24251
25111
25973
26785
27659
28562
29371
30182
30962
31796
32557
33351
34109
34866
35655
36394
37141
37887
38640
39386
40139
40888
41667
42471
43221
43975
44755
45554
46344
47135
47918
48746
49596
50443
51247
52048
52881
53674
54476
55275
56111
56940
57781
58594
59427
nan
