676	694	722	777	762	804	952	846	986	1014	1025	510	435	819	442	512
1522	1533	1566	1601	1587	1628	1689	1675	1787	1826	1840	511	445	791	451	499
2304	2325	2334	2412	2397	2437	2513	2494	2616	2626	2644	532	462	805	475	519
3090	3101	3118	3174	3160	3200	3389	3242	3394	3399	3471	524	451	828	461	521
3838	3860	3894	3942	3928	3968	4015	4025	4145	4182	4213	518	444	841	445	512
4641	4658	4666	4745	4731	4771	4849	4814	4953	4975	5031	508	449	811	450	501
5410	5434	5448	5523	5508	5548	5629	5594	5596	5765	5806	524	459	801	468	548
6192	6208	6213	6293	6278	6318	6379	6368	6479	6511	6524	543	472	806	475	521
6797	6810	6821	7016	7001	7041	7108	7086	7212	7237	7300	487	405	778	423	491
7620	7639	7649	7727	7713	7753	7871	7797	7800	7962	8018	500	425	835	435	523
8338	8360	8367	8443	8429	8470	8556	8516	8632	8674	8692	524	448	858	448	511
9128	9140	9155	9196	9181	9223	9431	9270	9369	9437	9492	509	445	820	448	512
9868	9890	9910	9967	9952	9993	10094	10044	10169	10198	10251	510	453	804	456	505
10653	10675	10684	10764	10750	10788	10910	10839	10973	10997	11037	516	450	800	457	515
11363	11378	11388	11525	11511	11551	11600	11589	11719	11755	11807	520	447	837	455	516
12203	12219	12247	12294	12279	12321	12414	12376	12502	12536	12553	518	454	828	450	511
12967	12991	13031	13079	13064	13105	13194	13151	13249	13315	13377	511	448	789	443	491
13774	13790	13803	13843	13828	13869	13980	13914	14056	14072	14133	516	451	822	457	515
14519	14528	14553	14587	14572	14612	14765	14664	14773	14819	14876	520	445	870	441	514
15215	15239	15252	15323	15308	15349	15462	15401	15524	15563	15608	517	444	835	449	513
15837	15844	15889	16074	16060	16100	16201	16147	16305	16319	16335	511	440	795	455	539
16615	16617	16631	16826	16811	16851	16905	16916	16954	17044	17072	533	461	798	463	506
17443	17457	17469	17547	17533	17573	17641	17624	17725	17776	17798	488	413	815	421	494
18143	18171	18177	18260	18246	18287	18336	18345	18348	18486	18508	505	437	835	444	499
18856	18883	18890	18967	18952	18993	19074	19042	19141	19205	19237	513	447	803	456	512
19447	19451	19468	19680	19665	19705	19776	19753	19849	19905	19948	503	424	761	429	498
20272	20295	20337	20386	20372	20411	20504	20461	20559	20601	20621	519	451	817	458	518
21007	21023	21053	21094	21079	21120	21194	21166	21286	21316	21333	527	444	844	456	516
21743	21754	21781	21821	21806	21847	22049	21901	22004	22053	22091	514	446	808	459	514
22321	22334	22342	22556	22542	22582	22657	22644	22757	22789	22830	512	436	777	428	489
23186	23206	23246	23279	23264	23304	23417	23362	23450	23496	23517	512	443	816	456	511
23888	23923	23934	23992	23978	24018	24209	24069	24190	24219	24252	519	442	867	448	512
24638	24647	24674	24712	24698	24738	24844	24783	24796	24941	24998	519	446	842	452	512
25345	25365	25375	25446	25432	25472	25575	25528	25578	25674	25725	520	453	804	460	512
25936	25939	25956	26179	26165	26205	26290	26251	26390	26426	26458	497	414	765	427	495
26791	26809	26820	26892	26878	26917	26988	26961	27117	27124	27173	516	443	823	450	518
27479	27503	27533	27582	27568	27608	27697	27649	27747	27812	27873	518	441	852	444	512
28119	28140	28155	28260	28246	28286	28476	28338	28456	28489	28554	525	464	843	470	527
28759	28769	28802	28939	28925	28965	29045	29019	29155	29165	29230	526	453	803	454	483
29520	29541	29558	29622	29607	29648	29714	29701	29808	29840	29854	501	439	793	450	508
30200	30229	30272	30303	30290	30329	30404	30375	30451	30536	30563	514	440	851	446	516
30886	30911	30959	30991	30977	31017	31125	31068	31180	31207	31222	520	445	828	449	504
31596	31613	31621	31699	31685	31724	31773	31895	31897	31916	31932	575	499	808	443	463
32266	32284	32308	32361	32346	32385	32429	32416	32569	32581	32597	509	441	770	467	536
32935	32951	32978	33012	32998	33038	33174	33087	33248	33270	33307	521	425	798	452	546
33573	33582	33596	33649	33634	33674	33730	33764	33814	33861	33899	619	540	921	531	561
34007	34031	34049	34275	34261	34301	34364	34347	34459	34505	34534	528	422	790	408	465
34797	34819	34843	34902	34886	34927	35046	34969	35109	35132	35140	476	413	754	425	483
35426	35450	35475	35527	35512	35553	35658	35599	35758	35764	35788	491	427	788	444	512
35947	35962	35975	36148	36134	36174	36246	36229	36354	36370	36386	533	446	864	451	512
36511	36528	36540	36767	36752	36792	36868	36848	36963	36991	37012	517	427	881	438	500
37301	37320	37336	37392	37378	37418	37484	37466	37565	37604	37619	515	428	862	427	500
37756	37777	37789	38023	38009	38048	38158	38089	38306	38325	38331	518	437	825	447	505
38564	38584	38635	38668	38653	38693	38802	38737	38868	38889	38902	515	435	792	441	492
39211	39234	39260	39313	39300	39339	39395	39383	39509	39533	39551	516	449	838	463	529
39729	39756	39771	39950	39935	39975	40061	40029	40150	40165	40180	530	448	873	456	506
40475	40494	40513	40574	40560	40600	40695	40648	40758	40784	40800	510	432	841	432	488
41096	41130	41152	41197	41183	41223	41288	41270	41357	41401	41411	509	439	821	447	493
41747	41756	41769	41824	41809	41849	41927	41907	42079	42104	42112	514	443	802	449	496
42345	42367	42379	42447	42433	42472	42525	42543	42703	42728	42753	511	441	799	449	509
42861	42873	42886	43062	43049	43088	43135	43144	43259	43269	43287	515	440	856	450	506
43391	43434	43465	43673	43658	43698	43780	43747	43882	43890	43910	525	444	857	445	500
44089	44105	44138	44287	44272	44312	nan	44363	44431	44486	44508	520	444	832	448	494
44697	44708	44722	44913	44899	44939	44997	44990	45087	45117	45128	521	448	800	442	480
45443	45475	45498	45547	45529	45573	45670	45629	45812	45820	45836	506	437	823	446	499
46089	46107	46112	46187	46172	46212	46296	46258	46458	46480	46508	520	449	864	459	525
46613	46632	46649	46827	46813	46852	46914	46901	47023	47042	47063	526	452	856	450	494
47361	47378	47392	47452	47438	47477	47529	47536	47732	47759	47782	510	420	864	432	495
47983	48011	48027	48083	48068	48108	nan	48158	nan	nan	nan	527	434	926	437	491
48658	48666	48689	48733	48719	48758	nan	48805	nan	nan	nan	529	459	912	467	489
49160	49167	49200	49411	49397	49436	49503	49490	49693	49705	49721	531	439	828	446	497
49987	50017	50022	50094	50079	50119	50187	50172	50266	50302	50327	495	427	776	440	509
50685	50712	50735	50784	50770	50809	50873	50858	51026	51052	51065	502	434	775	444	507
51355	51378	51398	51457	51443	51482	51559	51542	51770	51778	51793	516	442	840	452	507
52013	52035	52052	52115	52101	52141	52185	52199	52410	52423	52436	515	440	843	451	502
52661	52692	52719	52765	52751	52791	52864	52837	53063	53076	53101	516	446	810	451	531
53193	53208	53239	53413	53399	53438	53495	53505	53671	53693	53703	501	424	769	431	466
53958	53981	54002	54053	54040	54078	54131	54122	54222	54250	54271	562	495	876	501	502
54451	54455	54503	54681	54668	54706	54773	54761	54865	54888	54914	516	418	836	421	508
55201	55231	55246	55304	55291	55330	55383	55373	55544	55583	55605	493	422	830	433	494
55839	55881	55902	55943	55928	55968	56025	56013	56207	56239	56256	515	450	815	451	511
56346	56360	56402	56606	56592	56631	56718	56681	56859	56881	56898	515	444	790	447	515
57202	57211	57229	57275	57262	57300	57383	57348	57451	57477	57503	511	445	818	455	505
57841	57864	57881	57943	57931	57969	58063	58018	58218	58235	58248	523	449	860	453	496
58513	58538	58567	58615	58600	58640	58717	58687	58909	58926	58946	524	450	844	449	499
59221	59231	59294	59294	59281	59320	59386	59371	59456	59511	59533	515	454	804	458	523
