1014
1826
2626
3399
4182
4975
5765
6511
7237
7962
8674
9437
10198
10997
11755
12536
13315
14072
14819
15563
16319
17044
17776
18486
19205
19905
20601
21316
22053
22789
23496
24219
24941
25674
26426
27124
27812
28489
29165
29840
30536
31207
31916
32581
33270
33861
34505
35132
35764
36370
36991
37604
38325
38889
39533
40165
40784
41401
42104
42728
43269
43890
44486
45117
45820
46480
47042
47759
nan
nan
49705
50302
51052
51778
52423
53076
53693
54250
54888
55583
56239
56881
57477
58235
58926
59511
60255
60853
nan
