753
1557
2370
3194
4020
4853
5661
6494
7340
8181
9045
9903
10773
11620
12484
13333
14183
15035
15874
16697
17543
18416
19244
20113
20999
21881
22788
23658
24553
25447
26307
27152
27981
28825
29700
30607
31073
31464
32258
33199
33597
34057
34858
35522
36455
37247
38040
38833
39635
40434
41238
42048
42843
43649
44444
45245
46048
46841
47629
48423
49224
50019
50825
51645
52445
53247
54046
54847
55641
56443
57242
58040
58842
59636
nan
