854
1652
2474
3252
4055
4834
5574
6295
6995
7654
8336
8996
9657
10378
11136
11918
12739
13579
14380
15159
15940
16720
17440
18160
18961
19662
20378
21082
21782
22501
23202
23902
24623
25363
26102
26862
27603
28323
29002
29663
30301
30906
31502
32104
32703
33347
34044
34866
35665
36547
37467
38388
39249
40105
40968
41807
42609
43348
44133
44968
45729
46487
47292
48045
48803
49563
50308
51071
51835
52634
53489
54289
55092
55893
56715
nan
