726
1366
2069
2777
3408
4080
4729
5399
6032
6693
7332
7988
8682
9370
10062
10685
11353
12018
12707
13313
13999
14583
15194
15747
16440
16889
17626
nan
18857
19500
20170
20831
21450
22041
22664
23299
23866
24559
25226
25855
26550
27370
28092
28816
nan
30217
30849
31595
32275
32898
33553
34149
34775
35387
35993
36590
37219
37801
38400
38978
39586
40236
40867
41463
42044
42621
43258
43868
44501
45157
45757
46393
47014
47615
48272
48861
49473
50061
50656
51242
51835
52403
52965
53556
54126
54677
55321
55908
56594
57249
57927
58585
59226
59886
