854
1561
2293
3046
3819
4591
5356
6121
6895
7681
8427
9154
9876
10618
11393
12194
12954
13718
14475
15198
15942
16698
17471
18232
18965
19714
20470
21233
21987
22737
23497
24269
25038
25835
26656
27482
28285
29086
29859
30626
31406
32171
32951
33772
34613
35368
36086
36799
37499
38217
38990
39819
40624
41416
42201
42980
43752
44511
45280
46066
46862
47655
48424
49174
49898
50625
51383
52156
52929
53739
54584
55407
56219
57051
57886
58674
59451
60231
