914
1613
2334
3095
3874
4656
5415
6171
6934
7735
8501
9196
9916
10675
11435
12235
13016
13775
14535
15256
15995
16755
17516
18276
19014
19755
20517
21274
22033
22795
23556
24314
25096
25877
26716
27535
28334
29134
29916
30674
31455
32196
32995
33815
34656
35415
36136
36857
37558
38279
39036
39879
40678
41458
42259
43040
43779
44558
45340
46121
46920
47699
48481
49220
49941
50682
51423
52182
52982
53804
54644
55464
56285
57101
57944
58722
59504
nan
