1125
1825
2566
3325
4086
4867
5646
6407
7167
7966
8645
9425
10147
10888
11668
12468
13227
14007
14727
15468
16225
16968
17748
18508
19228
19988
20748
21528
22247
23008
23767
24526
25307
26108
26928
27748
28548
29368
30128
30909
31688
32449
33228
34049
34889
35649
36350
37068
37770
38469
39250
40092
40892
41692
42472
43252
44011
44772
45552
46332
47133
47933
48693
49434
50174
50894
51655
52415
53195
54015
54855
55654
56496
57314
58155
58936
59716
nan
