475
842
1449
1900
2274
2783
3383
3880
4386
4872
5306
5920
6411
6945
7483
8106
8601
9100
9683
10225
10723
11256
11712
12375
12900
13346
13989
14457
15019
15649
16108
16674
17305
17928
18429
18924
19489
20015
20514
20942
21544
22085
22614
23131
23569
24234
24800
25377
25927
26529
27070
27593
28066
28678
29209
29751
30301
30939
31528
32017
32590
33054
33645
34141
34573
35179
35662
36162
36664
37156
37655
38150
38654
39087
39691
40193
40711
41213
41758
42258
42862
43329
43904
44529
45164
45665
46250
46929
47510
48084
48669
49183
49831
50454
51010
51473
52073
52714
53292
53885
54515
55175
55824
56388
56933
57623
58241
58735
59431
59995
