465
450
460
458
442
447
450
453
455
450
443
455
461
451
451
451
459
453
444
453
453
453
449
451
457
457
457
453
445
444
446
445
483
441
445
444
451
448
464
458
448
440
452
451
448
450
449
459
464
450
438
450
443
447
451
455
447
447
455
409
475
476
498
463
447
446
456
455
452
455
454
457
459
454
455
453
459
455
457
448
455
457
456
451
463
459
453
452
449
453
460
461
448
457
453
450
454
451
456
460
456
453
458
454
453
462
449
445
451
451
