493
474
489
488
480
476
482
487
486
477
468
486
491
482
477
484
492
483
468
485
487
480
478
480
492
486
485
477
477
477
471
470
512
469
464
467
474
480
497
486
477
475
476
480
476
482
484
494
487
483
476
477
468
480
488
480
478
476
497
460
470
502
498
486
455
475
485
477
482
479
487
487
489
481
478
488
493
480
476
478
487
486
478
478
495
485
477
474
482
482
492
479
475
480
477
475
478
479
485
481
478
478
490
486
480
483
481
483
480
475
