745
1217
1694
2118
2597
3159
3662
4163
4566
5160
5679
6179
6613
7233
7774
8321
8876
nan
9958
10491
nan
11444
12086
12651
13187
13623
14285
14750
15409
15941
nan
nan
17593
nan
18606
nan
19762
20277
20705
21212
nan
22366
nan
23341
23963
24529
25092
nan
26209
26773
27341
nan
28379
29007
29564
30004
30670
31236
31851
32280
nan
nan
33795
34439
34962
35476
35974
36381
36853
37465
37954
38371
38952
39467
nan
40471
40899
41420
41955
42612
43158
43623
44196
44891
45442
45942
46515
47112
nan
48296
48873
nan
nan
50664
51220
nan
52355
53013
53589
54094
54821
nan
56066
56608
57232
57834
58531
nan
59607
60213
