496
1434
2231
3217
4056
5024
5806
6701
6856
7403
8396
9146
9881
10802
11581
12395
nan
14002
15004
15625
16616
17362
17991
18991
19604
20577
21239
21969
22774
23634
24333
25166
25958
26893
27761
28641
29423
30239
31129
31944
32748
33405
34140
34867
35566
36230
37021
37670
38311
39051
39708
40522
41188
41979
42554
43305
44154
44780
45566
46222
46917
47696
48522
49288
50113
50784
51683
52507
53169
53985
54788
55471
56342
57108
57882
58706
59628
60295
61027
61765
62535
63071
63758
64353
64956
65510
nan
