405
1235
2106
2989
3862
4744
5600
6426
6736
7261
8108
8935
9734
10545
11400
12243
13067
13911
14744
15490
16315
17087
17892
18723
19515
20312
21113
21903
22665
23399
24178
24945
25804
26651
27524
28416
29259
30080
30886
31707
32548
33304
34012
34717
35430
36112
36821
37524
38188
38906
39585
40282
41047
41716
42404
43126
43882
44634
45327
46081
46817
47564
48339
49095
49871
50664
51479
52252
53032
53815
54552
55322
56134
56922
57751
58556
59332
60106
60866
61640
62295
62945
63590
64206
64810
65429
66105
