nan
1083
1894
2671
3546
4407
5305
6091
6492
7006
7757
8735
9405
10191
11072
11932
12804
13633
14349
15297
15972
16878
17642
18343
19352
19949
20940
21527
22404
23262
23989
24657
25575
26448
27157
28046
28903
29913
30519
31452
32199
33062
33804
34399
35212
35850
36545
37304
37907
38588
39328
40010
40770
41400
42201
42839
43500
44450
45063
45883
46461
47283
48144
48756
49558
50419
51137
52026
52767
53469
54242
55116
55930
56581
57542
58369
59021
59892
60563
61405
62010
62783
63281
64013
64568
65246
65902
