52
1120
1965
2714
3570
4441
5337
6119
6623
7094
7795
8768
9441
10230
11133
11991
12848
13685
14403
15366
16033
16951
17687
18388
19391
19988
20994
21573
22443
23321
24022
24707
25643
26479
27205
28071
28941
29935
30547
31504
32240
33094
33828
34422
35275
35880
36589
37341
37948
38614
39369
40040
40809
41445
42249
42870
43546
44513
45105
45923
46510
47324
48187
48800
49588
50446
51175
52072
52799
53501
54279
55139
55997
56618
57602
58397
59065
59935
60616
61448
62057
62809
63347
64065
64591
65266
65927
