338
1045
1767
2487
3187
3883
4582
5287
6011
6743
7462
8191
8925
9640
10356
11086
11821
12533
13269
14008
14740
15463
16203
16959
17700
18428
19157
19889
20629
21375
22110
22847
23593
24334
25065
25793
26536
27280
28022
28751
29481
30217
30951
31677
32390
33074
33742
34408
35076
35725
36369
37025
37683
38337
38984
39629
40269
40913
41553
42190
42834
43485
44141
44809
45492
46184
46880
47580
48282
48994
49707
50412
51122
51834
52552
53269
53970
54675
55383
56095
56795
57505
58210
58923
59633
