430
1138
1857
2579
3292
3979
4678
5378
6101
6839
7573
8286
9023
9742
10459
11177
11915
12627
13361
14102
14831
15563
16296
17058
17797
18523
19255
19980
20729
21477
22213
22937
23685
24440
25155
25905
26638
27371
28122
28860
29577
30308
31042
31782
32477
33170
33830
34504
35164
35829
36498
37123
37779
38433
39087
39720
40367
41004
41640
42284
42921
43569
44235
44902
45585
46274
46985
47676
48373
49089
49798
50511
51216
51926
52646
53371
54067
54769
55475
56182
56894
57613
58307
59009
59734
