391
1097
1819
2542
3250
3931
4627
5332
6061
6798
7518
8244
8977
9700
10413
11136
11869
12588
13321
14062
14796
15516
16256
17014
17759
18475
19203
19941
20682
21427
22168
22899
23643
24385
25121
25848
26588
27333
28079
28810
29535
30267
31004
31731
32441
33129
33798
34462
35127
35779
36424
37079
37737
38394
39038
39682
40325
40968
41605
42242
42883
43535
44194
44863
45545
46238
46937
47634
48333
49044
49761
50469
51170
51888
52602
53320
54025
54733
55437
56147
56854
57561
58257
58976
59685
