541
1559
2378
3176
3972
4633
5659
6525
7354
8192
8849
9856
10498
11271
12266
12874
13680
14482
15359
16094
16879
17647
18628
19420
20022
20808
21742
22540
23343
23958
24954
25619
26556
27195
28209
28908
29842
30630
31318
32063
32982
33550
34326
35010
35874
36600
37309
37856
38600
39288
39984
40732
41432
42087
42950
43560
44419
45071
45944
46569
47304
48131
48844
49739
50332
51154
52072
52685
53455
54401
55155
55715
56455
57282
57959
58882
59485
60245
61064
