890
1742
2508
3359
4174
4954
5826
6715
7497
8385
9210
9986
10819
11630
12392
13256
14039
14805
15643
16418
17177
18001
18816
19549
20369
21156
21873
22699
23561
24273
25118
25908
26688
27553
28337
29133
30037
30747
31527
32402
33153
33893
34641
35336
36044
36770
37506
38202
38925
39614
40337
41047
41725
42419
43122
43860
44585
45361
46113
46837
47633
48415
49180
49893
50685
51425
52224
53063
53800
54579
55335
56095
56818
57540
58328
59094
59818
60609
61367
