808
1640
2459
3256
4070
4904
5740
6606
7443
8273
9106
9933
10723
11528
12340
13123
13945
14753
15531
16332
17125
17896
18701
19496
20272
21054
21821
22616
23421
24220
25029
25859
26637
27447
28287
29081
29888
30696
31477
32294
33056
33790
34510
35263
35988
36675
37421
38143
38833
39576
40265
40924
41625
42318
43063
43760
44539
45288
46020
46787
47542
48305
49107
49847
50588
51375
52142
52929
53714
54476
55229
55979
56715
57459
58215
58958
59732
60508
61267
