858
1688
2558
3305
4120
4987
5788
6654
7549
8350
9195
10024
10833
11616
12424
13209
14197
14865
15786
16434
17212
18115
18750
19582
20356
21147
21915
22695
23509
24308
25130
25940
26731
27530
28396
29179
29985
30778
31560
32376
33166
33994
34606
35310
36058
36763
37485
38317
38963
39780
40320
41001
41711
42398
43103
43844
44578
45492
46141
46835
47616
48388
49151
49931
50822
51424
52240
53014
53761
54552
55462
56026
56804
57551
58261
59048
59977
60555
61381
