1161
1986
2815
3609
4421
5254
6082
6965
7813
8619
9455
10296
11079
11869
12685
13474
14290
15105
15880
16677
17478
18242
19052
19856
20616
21408
22176
22973
23773
24566
25381
26203
26978
27796
28671
29456
30237
31049
31832
32648
33414
34151
34860
35572
36291
37028
37734
38466
39193
39874
40569
41279
41971
42665
43372
44105
44842
45595
46362
47132
47898
48649
49410
50158
50940
51725
52491
53278
54058
54816
55573
56330
57051
57801
58559
59308
60078
60852
61610
