971
1692
2470
3071
3868
4560
5311
6029
6672
7394
8122
8776
9492
10176
10856
11600
12236
12892
13554
14253
14885
15614
16293
16993
17667
18305
19025
19696
20280
20996
21622
22355
23090
23776
24504
25181
25887
26560
27190
27789
28500
29224
29879
30599
31343
32053
32784
33246
33964
34543
35122
35682
36269
36845
37401
38008
38542
39144
39702
40265
40827
41326
41911
42465
42988
43550
44089
44667
45348
46030
46690
47366
48066
48799
49451
50108
50792
51489
52154
52774
53485
54054
54858
55544
56197
56914
57493
58259
58953
59511
60256
nan
