1078
1798
2533
3236
3935
4652
5381
6097
6785
7488
8186
8892
9575
10268
10953
11670
12325
12977
13645
14286
15014
15676
16361
17072
17711
18425
19088
19769
20399
21045
21755
22458
23184
23866
24587
25273
25961
26632
27264
27925
28606
29302
29993
30689
31427
32096
32854
33283
34067
34633
35207
35771
36328
36904
37483
38064
38631
39206
39766
40288
40886
41431
41988
42532
43067
43605
44156
44749
45392
46096
46754
47454
48169
48862
49538
50199
50880
51570
52225
52853
53563
54091
54935
55634
56311
57012
57533
58394
59058
59593
60345
nan
