863	896	922	1022	997	1053	1153	1102	1251	1322	1419	524	448	754	438	555
1702	1734	1762	1861	1837	1891	1953	1944	2076	2158	2166	517	455	760	448	556
2558	2570	2594	2695	2712	2726	2791	2775	2900	2998	3020	519	456	748	439	551
3358	3372	3400	3498	3475	3530	3628	3580	3703	3794	3802	522	457	728	446	551
4139	4169	4199	4299	4274	4330	4391	4378	4533	4599	4623	526	450	756	441	548
4960	4993	5021	5119	5095	5150	5269	5198	5351	5415	5442	520	449	755	430	554
5776	5809	5843	5937	5913	5967	6048	6017	6162	6235	6260	523	461	758	441	552
6441	6471	6509	6743	6724	6776	6870	6820	6973	7048	7061	522	457	722	441	551
7406	7444	7476	7570	7548	7600	7690	7643	7778	7873	7964	525	455	755	443	552
8242	8278	8301	8402	8381	8434	8547	8477	8614	8711	8720	522	451	757	436	552
9097	9116	9136	9240	9218	9272	9348	9316	9538	9542	9581	518	463	752	444	547
9899	9933	9959	10059	10038	10091	10169	10137	10296	10354	10378	516	456	736	440	555
10754	10768	10817	10895	10871	10926	10987	10976	11112	11195	11218	526	452	760	434	551
11595	11609	11639	11736	11711	11766	11828	11815	11933	12039	12060	519	449	756	436	553
12397	12431	12456	12559	12538	12592	12669	12639	12776	12862	12898	522	460	733	445	546
13215	13248	13280	13377	13354	13409	13487	13456	13674	13683	13699	517	451	748	439	555
13939	13945	13959	14226	14203	14257	14310	14299	14436	14528	14537	517	456	753	438	554
14915	14931	14956	15057	15032	15088	15168	15135	15277	15358	15398	522	457	750	443	551
15678	15739	15757	15860	15839	15893	15950	15941	16158	16166	16178	520	463	731	445	549
16503	16541	16562	16664	16643	16696	16766	16737	16874	16969	17019	522	456	754	445	552
17318	17354	17381	17480	17457	17511	17570	17556	17702	17778	17802	521	447	746	438	556
18153	18165	18196	18290	18267	18322	18387	18376	18531	18586	18596	526	455	733	444	550
18913	18942	18974	19070	19047	19101	19188	19150	19280	19372	19435	519	460	730	441	549
19696	19734	19758	19859	19837	19891	19969	19937	20156	20165	20197	524	454	753	438	550
20494	20530	20569	20657	20634	20688	20806	20736	20896	20958	20978	522	456	753	441	551
21313	21327	21356	21454	21474	21486	21544	21535	21692	21754	21776	524	454	728	439	551
22095	22108	22139	22237	22215	22269	22368	22315	22533	22540	22556	522	454	745	442	545
22911	22924	22954	23051	23027	23081	23167	23127	23283	23352	23475	522	453	755	441	556
23695	23731	23765	23855	23832	23886	23982	23934	24075	24155	24177	518	459	744	441	552
24485	24522	24555	24649	24625	24679	24762	24722	24880	24950	24972	519	457	733	442	547
25272	25307	25337	25434	25411	25465	25544	25513	25672	25734	25758	524	449	751	437	554
26076	26121	26139	26245	26223	26277	26365	26332	26474	26547	26555	520	459	761	440	556
26914	26929	26956	27055	27031	27086	27168	27134	27356	27367	27439	519	451	754	435	550
27714	27728	27754	27855	27830	27888	27948	27932	28088	28157	28177	523	454	728	450	549
28475	28518	28550	28643	28621	28674	28745	28715	28837	28945	28993	519	453	753	441	553
29295	29330	29367	29455	29433	29486	29569	29533	29677	29761	29838	520	452	760	439	551
30111	30147	30173	30276	30252	30307	30359	30371	30572	30578	30594	517	459	760	441	554
30910	30942	30977	31073	31051	31105	31171	31151	31368	31381	31403	524	455	747	448	615
31646	31702	31717	31826	31801	31855	31937	31909	32060	32120	32141	529	450	763	454	568
32397	32483	32497	32606	32581	32635	32684	32706	32828	32904	32923	544	447	804	435	558
33124	33134	33169	33380	33356	33409	33505	33454	33595	33683	33698	505	423	805	438	566
33920	33942	33979	34143	34118	34172	34261	34220	34376	34446	34525	523	429	783	430	568
34789	34796	34828	34918	34894	34946	35043	34999	35149	35214	35261	519	429	790	439	569
35399	35409	35432	35681	35654	35709	35817	35762	35913	35983	35998	519	429	790	436	558
36275	36313	36360	36433	36409	36463	36569	36520	36662	36735	36822	518	445	787	443	553
36964	36977	36986	37188	37162	37216	37330	37263	37424	37486	37581	525	419	803	437	562
37787	37820	37901	37945	37919	37973	38085	38017	38176	38243	38340	523	420	800	433	563
38541	38582	38602	38709	38679	38735	38792	38780	38943	39008	39087	521	431	792	438	553
39302	39341	39366	39462	39435	39490	39557	39540	39698	39770	39784	526	441	787	440	552
40065	40100	40120	40223	40198	40250	40346	40302	40459	40525	40670	518	433	811	435	557
40831	40866	40884	40993	40964	41017	41076	41063	41226	41293	41317	519	430	806	440	552
41483	41490	41501	41762	41733	41786	41888	41830	41995	42063	42124	520	426	793	441	554
42231	42242	42283	42525	42495	42549	42601	42617	42755	42819	42827	522	439	778	444	550
42998	43007	43038	43281	43253	43307	43392	43358	43514	43582	43604	520	438	806	439	559
43880	43913	43951	44041	44011	44065	44143	44121	44234	44345	44404	516	422	799	443	553
44519	44523	44573	44806	44778	44830	44907	44877	45040	45103	45180	523	430	791	440	548
45406	45445	45474	45567	45538	45592	45672	45644	45796	45866	45931	523	450	783	449	553
46160	46197	46228	46320	46293	46345	46436	46396	46552	46622	46679	522	426	801	443	560
46908	46947	46963	47069	47041	47093	47192	47142	47236	47368	47501	527	428	790	448	551
47655	47691	47718	47818	47789	47841	47934	47885	48016	48125	48177	518	434	785	447	549
48400	48434	48453	48559	48530	48584	48659	48629	48787	48857	48909	521	442	774	444	551
49149	49180	49205	49312	49282	49336	49442	49386	49517	49614	49672	523	423	797	440	558
49792	49798	49821	50075	50048	50099	50183	50153	50309	50372	50416	518	422	784	445	544
50688	50723	50778	50846	50817	50871	50965	50914	51076	51143	51196	526	440	777	445	553
51338	51343	51362	51620	51591	51645	51749	51689	51846	51917	51957	517	431	783	441	554
52180	52196	52200	52412	52383	52436	52503	52494	52643	52712	52808	515	431	804	446	552
53044	53077	53099	53205	53178	53230	53298	53280	53435	53509	53520	518	435	801	443	553
53837	53873	53891	53996	53968	54021	54089	54070	54227	54290	54353	517	444	775	452	546
54615	54654	54687	54775	54746	54800	54897	54852	55011	55080	55130	521	435	802	438	558
55393	55436	55452	55559	55530	55583	55670	55639	55746	55865	55935	520	433	796	444	551
56177	56217	56249	56343	56314	56366	56478	56416	56571	56647	56703	519	425	786	442	554
56841	56852	56864	57110	57082	57135	57241	57190	57340	57401	57456	518	438	771	441	556
57707	57745	57777	57869	57841	57893	57990	57951	58096	58162	58257	526	439	800	448	554
58322	58348	58375	58626	58597	58649	58739	58692	58860	58927	58944	519	423	787	441	556
59223	59265	59293	59388	59359	59411	59516	59466	59616	59683	59728	519	428	787	441	550
59982	60012	60032	60142	60112	60165	60259	60223	60370	60430	60486	519	450	770	447	547
