601
1374
2134
2885
3586
4350
5188
5990
6834
7731
8656
9504
10281
11089
11897
12684
13481
14330
15214
15878
16964
17863
18711
19554
20403
21259
22122
23004
23879
24765
25658
26541
27353
28203
28999
29786
30605
31412
32126
32831
33516
34219
34867
35500
36111
36755
37412
38067
38775
39404
40113
40793
41538
42306
42864
43768
44478
45204
45902
46632
47396
48229
48958
49732
50505
51252
51969
52529
53304
54020
54716
55396
56091
56830
57625
58408
59210
60017
60817
