758
1531
2293
3056
3754
4507
5308
6154
6997
7899
8813
9675
10449
11251
12056
12852
13649
14484
15386
16232
17128
18029
18866
19709
20569
21413
22281
23174
24042
24926
25813
26664
27521
28359
29160
29947
30763
31588
32304
32998
33687
34350
35001
35632
36278
36918
37565
38225
38894
39565
40236
40958
41695
42460
43208
43922
44632
45358
46064
46793
47550
48365
49121
49886
50661
51412
52101
52772
53464
54179
54880
55548
56248
56989
57785
58569
59368
60173
60972
