884
1647
2392
3157
3856
4624
5422
6265
7116
8015
8931
9776
10560
11366
12176
12953
13760
14594
15488
16342
17243
18134
18993
19827
20685
21535
22406
23289
24120
25048
25950
26777
27640
28474
29266
30065
30908
31682
32366
33105
33810
34471
35104
35752
36394
37001
37677
38331
38999
39674
40354
41071
41779
42554
43300
44045
44753
45475
46146
46898
47674
48460
49241
49997
50784
51519
52204
52897
53588
54275
55001
55667
56367
57114
57885
58684
59469
60288
61091
