624
1159
1689
2216
2749
3336
4068
4767
5390
6027
6612
7324
7708
8701
9359
9982
10598
11205
11801
12408
15316
15938
16545
17154
17776
18394
19034
20444
21072
21672
22276
22864
23439
24006
24570
25151
25826
26492
27104
27694
28255
29533
30168
30776
31378
31987
32586
33236
34512
35126
35725
36312
36885
37443
37990
38522
39050
39574
40092
40613
41149
41726
42350
42999
43653
44274
44875
45460
46032
46588
47137
47674
48189
50790
51618
52215
52811
53401
53997
54576
55152
55718
56275
56829
58364
59105
59782
60406
61008
