570
1100
1634
2169
2698
3296
4029
4722
5326
5970
6593
7266
7688
8651
9294
9924
10543
11157
11725
12350
15286
15898
16486
17112
17729
18355
18999
20395
21034
21624
22204
22790
23394
23961
24525
25131
25774
26439
27033
27654
28236
29491
30101
30726
31320
31936
32533
33177
34476
35073
35676
36254
36840
37393
37932
38477
38999
39515
40041
40562
41095
41670
42295
42942
43596
44198
44799
45397
45982
46540
47083
47619
48161
50762
51573
52163
52763
53353
53943
54519
55102
55648
56226
56773
58297
59064
59729
60347
60943
