768
1344
1940
2561
3221
3908
4565
5183
5788
6407
7047
7691
8358
9026
9676
10314
10940
11542
12121
12699
13299
13933
14546
15141
15743
16364
17025
17692
18324
18936
19566
20213
20838
21448
22079
nan
23392
24016
24667
25328
25942
26576
27226
27855
28466
29095
29740
30359
30979
31614
32210
32794
33370
33977
34594
35203
35788
36357
36918
37470
38017
38563
39116
39663
40200
40747
41294
41848
42390
42931
43483
44045
44606
45166
45740
46328
46929
47526
48106
48676
49249
49823
50395
50956
51517
52088
52663
53242
53812
54377
54951
55537
56126
56711
57292
57886
58484
59080
59677
60268
60854
61424
