856
1431
2025
2651
3314
3990
4656
5277
5872
6494
7131
7803
8442
9111
9761
10401
11025
11630
12209
12784
13391
14019
14631
15236
15828
16456
17112
17778
18408
19024
19649
20302
20924
21543
22166
23026
23477
24101
24749
25415
26028
26670
27310
27947
28554
29178
29834
30444
31061
31697
32294
32886
nan
34063
34684
35288
35879
36439
37003
37553
38106
38653
39212
39748
40294
40842
41375
41941
42477
43033
43567
44144
44689
45258
45822
46416
47015
47612
48189
48761
49330
49908
50476
51041
51603
52167
52749
53326
53905
54463
55039
55630
56224
56791
57381
57972
58566
59170
59762
60351
60949
nan
