657
1223
1828
2460
3122
3791
4452
5120
5658
6292
6834
7491
8242
8958
9556
10144
10877
11441
11998
12585
13184
13763
14439
14956
15614
16239
16857
17574
18219
18823
19457
20117
20721
21330
21961
nan
23318
23913
24547
25114
25827
26455
27042
27737
28280
28992
29637
30235
30789
31493
32084
32681
33156
33860
34404
35110
35671
36241
36729
37357
37946
38446
38995
39501
40099
40645
41186
41739
42281
42857
43367
43933
44503
45051
45627
46221
46814
47427
48010
48567
49138
49727
50292
50847
51425
51984
52567
53147
53701
54272
54836
55414
56019
56614
57176
57683
58379
58965
59571
60104
60746
61312
