727
1570
2368
3187
4051
4953
5825
6694
7609
8468
9352
10249
11094
11922
12788
13647
14448
15296
16134
16989
17806
18651
19526
20353
21173
22028
22882
23742
24554
25409
26250
27068
27868
28725
29604
30447
31264
32105
nan
33453
34138
34446
35157
35907
36627
37348
38228
38787
39487
40184
40888
41604
42327
43027
43727
44425
45146
45886
46667
47466
48226
49110
49771
50556
51390
52088
52865
53626
54392
55155
56073
56706
57505
58305
59086
59862
