621
1458
2262
3083
3948
4841
5700
6597
7499
8363
9242
10132
10988
11819
12682
13535
14342
15188
16036
16887
17696
18557
19425
20252
21073
21922
22780
23639
24452
25301
26145
26963
27760
28618
29491
30331
31153
32013
32831
33378
33878
34355
35085
35802
36522
37243
37974
38675
39376
40078
40794
41499
42259
42922
43616
44314
45034
45788
46563
47340
48111
48882
49669
50458
51234
51984
52754
53521
54298
55049
55819
56602
57397
58196
58975
59762
