812
1445
2151
2676
3286
3824
4433
5207
5902
6519
7213
7739
8331
9138
9736
10333
10914
11556
12386
13127
13929
14726
15416
16231
16880
17474
18104
18965
19719
20418
20929
21695
22192
22977
23712
24429
24995
25644
26236
26850
27492
28087
28641
29159
29790
30406
31061
31634
32208
32750
33272
33822
34374
34943
35493
35928
36621
37091
37590
38215
38686
39295
39719
40241
40850
41279
41792
42352
43251
43935
44536
45269
46017
46699
47590
48274
49041
49655
50416
51011
51613
52273
52831
53699
54332
54970
55401
56133
56791
57450
58198
58791
59481
60351
