866
1565
2215
2797
3388
3990
4600
5257
5948
6642
7270
7878
8512
9175
9851
10490
11104
11741
12489
13262
14033
14781
15542
16301
17003
17653
18313
19024
19766
20479
21114
21737
22366
23044
23774
24481
25106
25711
26304
26900
27529
28146
28717
29292
29865
30471
31104
31700
32284
32851
33416
33973
34504
35050
35595
36141
36689
37235
37768
38289
38809
39334
39861
40387
40900
41410
41940
42560
43315
44050
44687
45381
46133
46900
47648
48337
49043
49762
50457
51077
51687
52333
53037
53757
54401
54998
55584
56179
56856
57577
58254
58929
59653
60404
