888
1590
2238
2820
3411
4012
4623
5283
5973
6666
7291
7900
8537
9200
9872
10511
11127
11766
12515
13287
14058
14806
15566
16324
17024
17675
18338
19049
19790
20501
21137
21759
22390
23069
23800
24504
25128
25734
26328
26924
27553
28168
28740
29314
29889
30494
31127
31719
32306
32875
33439
33995
34527
35072
35620
36165
36713
37258
37788
38311
38832
39358
39885
40408
40922
41431
41965
42586
43340
44073
44707
45405
46159
46924
47668
48359
49066
49786
50481
51099
51710
52357
53061
53781
54423
55018
55607
56203
56881
57599
58277
58953
59678
60429
