947
1641
2303
2983
3440
4076
4695
5340
6022
6702
7337
7942
8580
9240
9920
10590
11283
11800
12552
13335
14093
14866
15621
16380
17089
17720
18377
19082
19846
20550
21172
21811
22447
23116
23840
24553
25178
25769
26370
26957
27611
28211
28794
29392
29931
30560
31179
31757
32352
32949
33496
34029
34557
35111
35670
36213
36772
37298
37833
38357
38896
39434
39927
40487
40979
41475
42058
42656
43385
44161
44757
45457
46215
46974
47730
48400
49111
49831
50529
51133
51770
52414
53111
53846
54476
55064
55667
56237
56935
57648
58331
58999
59724
nan
