995
1792
2613
3367
4157
4930
5699
6460
7145
7891
8673
9373
10162
10845
11599
12372
13139
13905
14626
15433
16104
16868
17757
18380
19105
19868
20647
21419
22122
22884
23651
24481
25284
26033
26853
27829
28531
29353
30179
30943
31690
32471
33159
33876
34654
35375
36133
36837
37585
38323
39176
39801
40565
41399
42030
42729
43510
44277
44951
45698
46428
47294
47895
48622
49356
50180
nan
51605
52310
53019
53696
54454
55230
55835
56526
57180
57844
58551
59214
59926
60598
