895
1704
2500
3293
4082
4853
5609
6372
7136
7877
8601
9340
10082
10815
11556
12306
13063
13808
14566
15320
16066
16811
17559
18313
19047
19791
20547
21311
22060
22820
23605
24390
25186
25976
26797
27637
28457
29267
30096
30917
31682
32422
33145
33869
34597
35309
36036
36777
37509
38241
38973
39726
40473
41221
41945
42689
43425
44165
44899
45631
46383
47110
47845
48589
49331
50068
50789
51505
52226
52940
53652
54346
55038
55736
56426
57108
57790
58471
59171
59851
60540
