1134
1945
2739
3537
4317
5107
5838
6618
7380
8109
8837
9574
10329
11063
11798
12557
13307
14053
14803
15544
16297
17049
17793
18548
19292
20030
20786
21550
22304
23063
23842
24622
25428
26215
27042
27882
28693
29520
30345
31154
31899
32654
33386
34108
34833
35558
36266
37014
37743
38481
39221
39960
40713
41456
42192
42932
43671
44401
45132
45873
46607
47357
48075
48816
49562
50316
51017
51753
52457
53176
53881
54570
55284
55964
56676
57338
58010
58718
59405
60090
60772
