952
1689
2513
3389
4015
4849
5629
6379
7108
7871
8556
9431
10094
10910
11600
12414
13194
13980
14765
15462
16201
16905
17641
18336
19074
19776
20504
21194
22049
22657
23417
24209
24844
25575
26290
26988
27697
28476
29045
29714
30404
31125
31773
32429
33174
33730
34364
35046
35658
36246
36868
37484
38158
38802
39395
40061
40695
41288
41927
42525
43135
43780
nan
44997
45670
46296
46914
47529
nan
nan
49503
50187
50873
51559
52185
52864
53495
54131
54773
55383
56025
56718
57383
58063
58717
59386
60139
60761
nan
