814
1535
2272
2972
nan
4349
5068
5848
6647
7365
8125
8862
9603
10422
11172
11844
12570
13252
13947
14660
15430
16157
16728
17453
18152
18930
19668
20448
21227
22026
22844
23582
24362
25121
25940
26818
27718
28637
29476
30313
31034
31713
32391
33070
33829
34687
35646
36565
37443
38242
39141
40019
40918
41777
42636
43413
44173
44951
45732
46530
47368
48186
49046
49864
50743
51582
52460
53338
54156
55036
55854
56713
57572
58471
59350
60268
61167
62026
62923
63725
64523
nan
66100
66840
67619
68398
69237
70096
70955
71794
72593
73392
74211
75010
75750
76528
77327
78127
78906
79605
80305
81004
81683
82422
83220
83980
84637
85418
