256
954
1672
2432
3111
3790
4509
5288
6066
6806
7564
8305
9023
9802
10601
11272
12056
12775
13414
14105
14828
15626
16312
16931
17570
18350
19109
19869
20647
21426
22245
23024
23822
24581
25360
26239
27237
28216
28875
29715
30553
31153
31831
32609
33229
34288
35047
36163
37041
37702
38562
39480
40378
41197
42095
42875
43614
44372
45151
45929
46768
47628
48466
49285
50342
51002
51881
52739
53619
54456
55354
56134
56993
58111
58948
59867
60667
61486
62326
63145
63924
64722
65541
66280
67019
67819
68638
69675
70554
71215
72033
72813
73612
74430
75170
75969
76748
77528
78327
79045
79785
80484
81162
81882
82642
83401
84199
85018
