522
1228
1940
2661
3356
4044
4763
5531
6329
7099
7827
8564
9312
10094
10853
11553
12253
12949
13659
14375
15102
15783
16461
17145
17852
18616
19395
20155
20923
21709
22526
23318
24061
24820
25626
26517
27413
28302
29160
29971
30726
31417
32087
32773
33513
34384
35332
36264
37145
37963
38855
39742
40625
41481
42337
43148
43907
44649
45416
46215
47060
47906
48729
49566
50432
51295
52157
53021
53877
54730
55576
56409
57277
58170
59054
59969
60882
61742
62604
63416
64202
65016
65802
66554
67307
68093
68922
69789
70641
71491
72308
73098
73894
74695
75463
76245
77025
77808
78601
79323
80017
80686
81378
82119
82924
83685
84399
85122
