611
1311
2030
2750
3431
4128
4847
5607
6407
7184
7905
8643
9401
10179
10941
11632
12335
13036
13734
14456
15172
15869
16530
17228
17931
18691
19486
20246
21005
21787
22604
23401
24142
24900
25700
26597
27495
28376
29251
30052
30812
31494
32169
32849
33589
34465
35407
36343
37222
38040
38939
39820
40716
41559
42415
43232
43992
44730
45492
46290
47145
47985
48806
49644
50520
51379
52238
53098
53956
54814
55654
56491
57352
58250
59130
60047
60965
61824
62684
63501
64281
65100
65880
66637
67397
68175
68997
69873
70733
71572
72391
73173
73972
74771
75547
76327
77105
77886
78684
79405
80102
80763
81460
82200
83001
83777
84482
85197
