958
1876
2772
3651
4531
5415
6329
7244
8112
8970
9883
10806
11715
12594
13503
14045
15319
16198
17028
17837
18628
19402
20160
20947
21814
22681
23519
24399
25289
26187
27046
27914
28789
29653
30500
31331
32165
33016
33820
34642
35392
36137
36859
37583
38296
38999
39712
40430
41147
41870
42584
43297
44017
44742
45451
46178
46895
47629
48390
49193
50032
50850
51662
52476
53318
54147
54967
55764
56578
57408
58240
59073
59889
60702
