977
1894
2790
3667
4547
5432
6349
7263
8131
8989
9904
10823
11733
12612
13522
13897
15338
16217
17047
17854
18649
19419
20179
20965
21832
22698
23537
24419
25307
26207
27066
27931
28807
29674
30518
31348
32184
33034
33836
34653
35414
36159
36879
37596
38312
39021
39729
40448
41167
41888
42603
43313
44036
44757
45480
46194
46911
47644
48408
49211
50048
50875
51680
52502
53334
54164
54986
55784
56594
57427
58253
59094
59910
60716
