694
1406
2101
2816
3507
4190
4907
5644
6450
7238
8047
8819
9592
10327
11112
11820
12568
nan
14211
14861
15649
nan
17211
17983
nan
19526
20257
21044
21815
22556
23359
24180
24955
25748
26586
27343
28128
nan
29715
30559
31254
32084
32819
33500
34254
35024
35768
nan
37166
37876
38587
39259
39864
nan
41184
41845
42522
43150
43857
44641
45326
46142
46882
47613
48417
49150
49878
50578
51283
52013
52738
53445
54153
nan
55531
56280
56972
57748
58482
59072
59946
60673
