572
1273
1952
2693
3382
4081
4779
5534
6298
7129
7900
8684
9465
10194
10993
11696
12422
nan
13988
14768
15504
nan
17062
17837
nan
19422
20094
20901
21664
22550
23232
24037
24867
25619
26421
27209
27990
nan
29623
30333
31090
31862
32562
33379
34117
34848
35584
nan
36998
37666
38371
39036
39675
nan
41019
41641
42244
42960
43743
44381
45192
45903
46701
47469
48246
48985
49759
50398
51164
51827
52512
53265
53957
nan
55371
56104
56807
57588
58317
59014
59797
60518
