350
1016
1705
2409
3207
4005
4813
5613
6351
7030
7674
8299
8914
9530
10155
10825
11564
12299
13004
13754
14498
15291
16131
16991
17829
18662
19492
20318
21170
22000
22853
23699
24492
25281
26137
27024
27878
28738
29639
30519
31357
32195
33038
33873
34697
35537
36382
37196
38017
38839
39638
40423
41200
41981
42740
43515
44317
45132
45921
46741
47562
48373
49180
50001
50816
51602
52402
53214
54018
54773
55560
56362
57185
57984
58802
59640
60474
61307
