nan
741
1440
2240
2921
3721
4561
5341
6062
6822
7403
8203
8643
9242
9901
10738
11283
12024
12744
13483
14224
15004
15865
16725
17585
18405
19225
20046
20926
21746
22567
23427
24207
25008
25887
26748
27589
28647
29548
30428
31109
31909
32749
33589
34429
35249
36309
36909
37749
38589
39349
40150
40930
41710
42470
43230
44030
44851
45711
46491
47291
48111
48912
49712
50553
51313
52113
52933
53733
54534
55275
56074
56974
57694
58515
59355
60195
61076
