683
1347
2028
2730
3536
4341
5161
5948
6676
7364
8003
8624
9248
9868
10487
11155
11895
12632
13333
14087
14826
15622
16469
17318
18153
18995
19823
20656
21501
22334
23183
24024
24803
25601
26462
27355
28197
29060
29961
30846
31682
32522
33364
34185
35014
35856
36715
37515
38339
39171
39957
40744
41530
42308
43054
43824
44652
45455
46252
47067
47894
48692
49509
50333
51152
51923
52740
53542
54332
55088
55888
56681
57524
58304
59125
59964
60799
nan
