441
1119
1800
2500
3300
4100
4902
5720
6442
7122
7764
8402
9018
9644
10261
10921
11661
12402
13102
13844
14603
15384
16224
17084
17924
18764
19584
20424
21265
22105
22945
23805
24586
25385
26228
27126
27986
28828
29746
30627
31448
32287
33129
33967
34789
35628
36487
37288
38108
38929
39729
40528
41290
42088
42848
43609
44410
45229
46012
46831
47669
48470
49271
50091
50911
51692
52492
53311
54112
54872
55653
56452
57292
58074
58893
59734
60573
61397
