592
1419
2178
3018
3858
4738
5548
6372
7232
8085
8854
9660
10502
11315
12119
12988
13839
14603
15332
16102
16919
17738
18508
19340
20260
21173
21936
22770
23637
24403
25181
25993
26831
27577
28369
29152
29871
30707
31417
32124
32830
33553
34183
34826
35466
36121
36780
37413
38035
38642
39262
39876
40473
41090
41685
42334
42939
43582
44234
44885
45575
46226
46877
47562
48278
48933
49574
50273
50964
51723
52418
53075
53728
54403
55061
55713
56323
56961
57609
58239
58863
59477
60124
