856
1639
2490
3261
3994
4772
5563
6335
7136
7895
8656
9401
10163
10937
11756
12540
13291
14074
14875
15668
16670
17533
18394
19200
20023
20849
21681
22328
23031
23783
24565
25366
26163
26934
27742
28540
29389
30158
30903
31650
32286
32916
33520
34106
34758
35395
36228
37028
37782
38526
39269
40010
40748
41487
42221
42970
43608
44283
44988
45709
46443
47245
48085
48938
49953
50866
51766
52635
53483
54326
55166
55999
56829
57646
58449
59273
60104
