529
1280
2300
2890
3779
4390
5216
5980
6765
7500
8423
9185
9794
10620
11400
12171
12899
13859
14515
15446
16457
17317
18166
18989
19811
20640
21459
22072
22722
23461
24216
24990
25941
26569
27533
28178
29172
29805
30538
31320
31919
32693
33180
33874
34539
35175
35923
36808
37431
38199
38905
39657
40387
41145
41863
42572
43356
44067
44614
45393
46086
46890
47712
48606
49739
50656
51555
52443
53122
54119
54956
55637
56630
57282
58244
58928
59751
