625
1427
2169
2955
3568
4412
5129
5930
6628
7369
7994
8742
9444
10319
11134
11798
12500
13169
14017
14770
15463
16162
16894
17701
18460
19184
20034
20788
21528
22187
23051
23749
24478
25179
26014
26610
27417
28090
28808
29628
30377
31110
31699
32508
33275
nan
34604
35426
36128
36680
37428
38110
38673
39499
40118
40745
41498
42111
42744
43376
44146
44817
45391
46058
46681
47461
48175
48842
49480
50188
50894
51534
52358
53141
53810
54468
55257
55860
56514
57117
57817
58494
59354
59978
60769
61514
62173
