nan
1389
2101
2682
3401
3918
4635
5250
5865
6449
7227
7867
8465
9223
9876
10585
11264
11900
12607
13191
13820
nan
nan
nan
18956
19611
20235
20807
21551
nan
22790
23424
24141
24707
25360
nan
26775
27422
28075
28556
nan
29706
30477
31161
31867
nan
33643
34317
34970
35485
35985
36581
37160
nan
38341
38946
nan
nan
40521
41187
41643
42169
42706
43313
nan
44344
44979
45418
nan
47112
47733
nan
48740
49272
49945
50450
51078
51629
52168
52693
53261
53866
54442
55087
55560
56146
56801
57303
57875
58356
58950
59458
60123
60542
