nan
1402
2124
2745
3405
3955
4651
5273
5882
6496
7286
7950
8490
9241
9962
10604
11282
11939
12677
13257
13841
nan
nan
nan
18985
19626
20254
20823
21585
nan
22860
23447
24227
24793
25409
nan
26798
27462
28088
28567
nan
29746
30508
31199
31904
nan
33657
34350
34987
35606
36055
36603
37184
nan
38399
38970
nan
nan
40561
41206
41683
42203
42738
43333
nan
44361
44990
45435
nan
47153
47783
nan
48767
49300
49970
50521
51093
51634
52175
52742
53318
53887
54569
55116
55608
56195
56894
57318
57891
58396
58998
59499
60146
60621
