1104
1819
2326
3121
3599
nan
5015
5662
6302
6944
7454
nan
nan
9599
nan
nan
nan
12257
12866
nan
14144
nan
nan
nan
19340
nan
20545
nan
21807
22440
nan
nan
24403
25056
25700
26500
nan
27679
28436
nan
29705
30060
30944
31461
32138
33373
34136
34734
35311
35787
36363
36904
37513
37999
nan
39200
nan
40313
40842
41544
nan
42574
43088
nan
nan
44629
nan
45872
46287
47420
48012
48538
49204
49624
50311
50840
51431
51857
52444
53023
nan
54331
nan
55341
nan
56456
57054
57597
58299
58853
59283
59743
60475
nan
