1086
1752
2320
3084
3545
nan
4980
5607
6261
6902
7391
nan
nan
9562
nan
nan
nan
12206
12818
nan
14109
nan
nan
nan
19302
nan
20516
nan
21772
22418
nan
nan
24364
24983
25637
26464
nan
27633
28383
nan
29655
30037
30924
31415
32096
33352
34094
34698
35277
35699
36340
36883
37478
37977
nan
39176
nan
40246
40796
41529
nan
42532
43034
nan
nan
44616
nan
45808
46248
47393
47938
48517
49164
49532
50292
50754
51357
51830
52411
52979
nan
54264
nan
55325
nan
56432
57043
57571
58234
58822
59266
59725
60422
nan
