nan
1764
2552
3250
3898
4386
5133
5832
6516
7214
7763
8569
9258
9991
10714
11398
11968
12639
13428
14111
nan
15469
16030
16833
17530
18258
19009
19730
20449
21129
21810
22409
23196
nan
24582
25075
25951
26609
27356
28068
nan
29452
30002
30912
31670
32438
33101
33775
34350
nan
35590
36173
36766
37339
37936
nan
nan
39793
40422
41008
41701
42276
42918
nan
44152
44787
45382
46034
46650
47252
47919
48496
49149
49740
50348
50976
51578
52217
52838
53448
nan
54719
55316
55782
56506
57112
57691
58276
58871
59494
60164
60739
61252
