603
1380
2155
2907
3614
4282
4942
5594
6274
7051
7962
8903
9862
10825
11757
12672
13580
14485
15302
16045
16780
17629
18606
19592
20469
21273
22094
22968
23908
24778
25578
26391
27236
28052
28832
29657
30602
31437
32223
33003
33761
34469
35190
35902
36600
37278
37941
38598
39249
39894
40529
41169
41823
42482
43153
43842
44568
45286
46039
46835
47645
48439
49259
50102
50915
51734
52565
53362
54134
54888
55625
56318
56999
57702
58422
59179
59973
