953
1716
2523
3304
4040
4765
5503
6278
7007
7781
8549
9300
9993
10750
11445
12192
12916
13681
14401
15180
15970
16723
17471
18254
18950
19690
20371
21076
21847
22565
23243
23946
24668
25452
26193
26909
27646
28385
29101
29831
30135
30565
31358
32118
32926
33728
34479
35117
35846
36538
37138
37778
38460
39107
39770
40411
41086
41709
42360
43001
43645
44292
44974
45655
46319
46993
47723
48377
49078
49730
50375
51054
51718
52400
53121
53833
54512
55202
55889
56814
57988
58687
59316
60007
60645
61341
62087
