1107
1923
2715
3457
4184
4910
5581
6233
7053
7913
8670
9295
9926
10701
11423
12174
12995
13859
14669
15512
16365
17205
17970
18739
19482
20198
20858
21636
22505
23352
24149
24938
25733
26495
27386
28246
28973
29718
30485
31257
31941
32647
33253
33886
34550
35241
35890
36575
37254
37914
38531
39142
39753
40365
40998
41582
42208
42832
43492
44179
44808
45529
46257
47006
47712
48443
49193
49993
50704
51405
52141
52926
53696
54424
55180
55953
56715
57410
58166
58922
59714
60421
61178
