1013
1836
2626
3354
4087
4816
5489
6133
6964
7821
8578
9203
9838
10609
11333
12076
12907
13769
14576
15422
16280
17115
17880
18646
19392
20103
20764
21547
22416
23260
24059
24845
25643
26405
27296
28158
28883
29624
30395
31167
31846
32532
33148
33788
34466
35153
35800
36484
37161
37823
38438
39052
39665
40277
40902
41494
42118
42750
43404
44082
44723
45435
46169
46917
47629
48351
49104
49873
50616
51313
52052
52836
53606
54331
55095
55866
56623
57319
58075
58834
59617
60334
61088
