663
1405
2164
2938
3735
4509
5303
6116
6942
7731
8552
9376
10167
10936
11714
12502
13280
14086
14909
15749
16529
17321
18116
18882
19631
20418
21209
21980
22760
23550
24344
25107
25884
26675
27480
28284
29093
29890
30668
31459
32175
32858
33531
34207
34887
35560
36252
36961
37669
38378
39057
39755
40452
41152
41829
42495
43172
43854
44523
45188
45857
46549
47262
47983
48738
49506
50256
50986
51713
52436
53153
53846
54543
55225
55892
56541
57184
57818
58469
59141
59822
