698
1440
2201
2973
3771
4546
5340
6151
6978
7768
8588
9411
10203
10972
11749
12537
13315
14121
14946
15784
16565
17358
18151
18917
19666
20454
21246
22016
22795
23586
24381
25142
25919
26710
27515
28317
29129
29926
30704
31487
32206
32887
33567
34241
34923
35603
36288
36990
37705
38414
39095
39789
40489
41189
41863
42532
43207
43890
44560
45221
45893
46585
47298
48018
48773
49536
50293
51021
51748
52471
53190
53882
54574
55260
55927
56579
57220
57855
58506
59176
59860
