677
1389
2150
2921
3748
4524
5289
6099
6956
7745
8538
9361
10182
10950
11698
12514
13295
14070
14894
15760
16545
17308
18100
18897
19614
20402
21223
21994
22744
23533
24359
25122
25898
26660
27464
28266
29076
29906
30682
31426
32190
32846
33545
34188
34902
35583
36264
36933
37681
38392
39074
39766
40437
41137
41842
42509
43158
43840
44538
45200
45838
46562
47276
47966
48747
49486
50270
50970
51696
52421
53167
53829
54523
55210
55877
56554
57169
57832
58450
59121
59837
