915
1652
2390
3113
3801
4534
5243
5943
6642
7317
8000
8683
9320
10070
10698
11381
12024
12691
13349
14019
14700
15369
16063
16759
17466
18173
18809
19568
20288
20970
21691
22370
23087
23789
24451
25165
25871
26568
27257
27925
28628
29317
29993
30719
31427
32096
32776
33453
34095
34797
35476
36158
36798
37518
38235
38918
39621
40297
40997
41660
42343
43000
43679
44378
45021
45675
46321
47082
47783
48502
49205
49923
50604
51343
52046
52745
53425
54146
54846
55546
56205
56927
57625
58308
58969
59665
60328
61009
