974
1713
2452
3168
3875
4616
5299
6021
6699
7379
8084
8761
9447
10141
10782
11463
12103
12748
13424
14084
14764
15445
16125
16824
17530
18227
18945
19665
20350
21071
21752
22450
23169
23852
24551
25251
25932
26631
27317
27992
28696
29393
30073
30814
31495
32155
32838
33516
34196
34856
35557
36217
36860
37596
38298
38998
39679
40359
41059
41720
42400
43059
43761
44441
45083
45723
46384
47162
47863
48564
49283
49984
50665
51404
52105
52824
53486
54207
54966
55607
56286
56988
57687
58368
59030
59729
60409
61069
