1206
1957
2696
3457
4098
4732
5501
6280
6956
7559
8324
8979
9680
10362
11005
11684
12285
12984
13665
14302
14988
15667
16348
17047
17768
18447
nan
19690
20608
21306
21889
22668
23391
24110
24714
25451
26157
26735
27550
28194
28915
29533
30228
30989
31753
32356
32917
33758
34415
35038
35777
36478
36978
37839
38560
39239
39860
40600
41180
41980
42480
43163
43961
44642
45322
45923
46643
47424
48085
48764
49467
50225
50906
51646
52367
53046
53768
54447
nan
55727
56508
57229
57929
58489
nan
59830
nan
nan
