533	550	566	786	767	798	835	817	987	1036	1068	509	449	522	365	528
1453	1509	1521	1578	1560	1587	1626	1612	1894	1903	1932	512	473	519	364	528
2076	2114	2129	2379	2360	2389	2427	2413	2676	2697	2729	510	471	517	364	524
2928	2938	2955	3188	3170	3199	3237	3222	3395	3442	3476	509	452	516	367	526
3663	3669	3684	3974	3955	3983	4021	4007	4266	4302	4332	504	446	488	336	528
4690	4702	4714	4807	4786	4824	4869	4971	5051	5077	5092	524	375	572	503	538
5478	5512	5522	5586	5568	5596	5634	5620	5795	5842	5866	512	468	521	364	529
6065	6076	6116	6331	6312	6341	6379	6364	6645	6655	6726	510	461	512	361	522
6822	6830	6847	7118	7099	7127	7166	7151	7417	7441	7524	503	464	507	352	528
7702	7715	7734	7894	7876	7904	7943	7928	8106	8150	8171	512	471	522	359	523
8370	8385	8407	8630	8611	8641	8679	8661	8845	8882	8906	508	460	515	360	519
9347	9360	9369	9465	9443	9481	9535	9613	9716	9747	9770	507	359	561	497	533
10156	10190	10204	10265	10246	10274	10313	10298	10582	10591	10603	510	472	516	364	527
10833	10860	10879	11101	11083	11113	11151	11137	11312	11354	11382	512	448	519	378	528
11859	11873	11886	11954	11933	11970	12034	12117	12203	12231	12249	506	363	556	484	525
12667	12700	12713	12805	12783	12821	12878	12966	13068	13089	13204	507	370	561	490	531
13323	13334	13349	13628	13610	13639	13676	13662	13840	13884	13908	511	460	515	372	519
14321	14338	14344	14407	14389	14417	14455	14440	14693	14738	14787	475	442	492	356	564
14952	14986	15116	15254	15233	15270	15313	15418	15508	15527	15603	568	401	589	495	527
15750	15778	15792	16050	16030	16061	16098	16084	16328	16363	16387	506	449	512	369	511
16596	16610	16625	16806	16786	16817	16855	16836	17011	17064	17082	496	445	505	366	522
17511	17524	17537	17630	17609	17646	17690	17793	17893	17913	17922	507	358	560	489	526
18169	18187	18199	18413	18395	18423	18461	18447	18721	18735	18763	504	464	509	357	533
18891	18907	18918	19193	19175	19204	19242	19223	19389	19451	19474	517	450	519	382	524
19698	19709	19719	20008	19989	20017	20056	20041	20292	20330	20393	512	464	507	353	526
20530	20547	20564	20834	20815	20844	20882	20867	21032	21160	21235	506	465	511	355	525
21573	21608	21623	21717	21696	21734	21750	21880	21978	22008	22121	511	362	561	491	524
22445	22458	22469	22530	22513	22540	22579	22564	22735	22792	22819	507	465	518	363	519
23207	23220	23233	23296	23278	23307	23344	23326	23503	23551	23568	507	455	524	379	524
23840	23847	23864	24127	24106	24145	24190	24293	24401	24423	24497	502	334	541	481	536
24726	24753	24796	24912	24893	24922	24960	24945	25129	25175	25198	529	487	531	371	534
25385	25393	25401	25675	25656	25686	25724	25707	25882	25929	25951	510	451	518	366	519
26191	26208	26234	26486	26467	26496	26534	26520	26772	26804	26916	506	461	504	350	528
27252	27267	27279	27337	27320	27347	27386	27372	27638	27665	27675	505	464	512	351	527
27894	27909	27949	28161	28142	28172	28210	28195	28381	28417	28440	509	461	521	377	507
28942	28956	28968	29029	29011	29038	29077	29062	29329	29354	29460	521	479	523	376	550
29642	29655	29664	29912	29894	29921	29960	29945	30190	30222	30250	515	472	515	363	526
30403	30431	30475	30724	30705	30735	30773	30759	30945	30986	31004	504	436	510	376	524
31336	31354	31372	31593	31572	31610	31666	31760	31845	31882	31959	510	356	559	493	530
32148	32157	32179	32433	32412	32450	32505	32600	32680	32727	32814	507	357	556	488	526
33028	33054	33077	33243	33224	33251	33291	33276	33524	33551	33573	507	464	508	359	524
33988	34004	34018	34075	34057	34084	34124	34109	34361	34387	34392	495	459	504	361	535
34605	34617	34654	34875	34857	34887	34924	34906	35080	35130	35158	521	455	531	397	533
35373	35396	35411	35660	35642	35671	35709	35694	35880	35920	35939	513	457	513	379	507
36262	36281	36304	36442	36425	36452	36490	36475	36653	36706	36720	502	475	533	404	561
37009	37016	37056	37262	37241	37278	37328	37431	37497	37544	37683	535	379	553	476	520
37974	37986	37996	38053	38036	38064	38102	38090	38283	38311	38321	499	451	512	403	526
38551	38562	38608	38769	38752	38783	38820	38809	38971	39013	39054	499	418	545	429	525
39354	39365	39378	39496	39479	39507	39546	39530	39708	39754	39777	539	494	547	398	561
40109	40119	40131	40228	40207	40245	40304	40393	40488	40508	40535	530	330	567	483	512
40776	40788	40801	40897	40876	40914	40964	41020	41179	41192	41208	501	290	558	493	512
41355	41372	41387	41581	41559	41598	41638	41746	41863	41875	41892	500	310	565	485	522
42016	42033	42047	42267	42246	42285	42298	42431	42522	42545	42556	515	311	569	490	527
42687	42704	42722	42959	42939	42976	42989	43123	43130	43187	43210	512	311	571	492	522
43396	43411	43428	43662	43640	43678	43718	43824	43921	43948	44011	518	280	575	497	531
44068	44101	44124	44358	44338	44377	44417	44529	44603	44626	44633	516	268	585	482	503
44965	44981	44995	45049	45030	45068	45109	45220	45303	45338	45370	505	273	589	515	548
45421	45445	45478	45732	45713	45751	45801	45899	45920	45961	45984	536	294	585	505	526
46158	46171	46187	46409	46390	46428	46466	46561	46582	46636	46655	515	292	579	499	522
46771	46783	46801	47076	47057	47095	47132	47237	47253	47298	47320	508	279	572	494	519
47614	47626	47643	47730	47713	47751	47805	47892	47901	47952	47979	507	285	579	498	524
48082	48095	48108	48383	48364	48402	48438	48550	48634	48674	48707	513	255	589	501	524
48767	48786	48799	49033	49014	49052	49090	49185	49309	49325	49382	511	252	575	495	519
49561	49574	49585	49675	49659	49697	49735	49843	49845	49896	49939	514	291	586	502	529
50173	50194	50206	50322	50304	50341	50370	50480	50497	50537	50556	513	259	588	498	520
50652	50660	50676	50950	50931	50969	51015	51111	51116	51167	51183	514	238	591	502	524
51338	51348	51362	51586	51568	51606	51642	51733	51837	51869	51895	507	237	575	491	518
