635
1156
2010
2655
3397
4094
4614
5434
6072
6834
7412
8292
8910
9674
10211
11032
11774
12410
13072
13672
14454
15098
15769
16388
17093
17927
18571
19449
20131
20850
21570
22251
23031
23648
24489
25206
25707
26585
27244
27866
28705
29346
30145
30786
31586
32186
32845
33545
34126
34764
35385
36045
36624
37224
37864
38444
39044
39644
40283
40783
41343
42103
42763
43224
43923
44544
45123
45881
46382
47183
47743
48442
48962
49644
50322
50903
51421
52122
52862
53503
54142
54782
55382
55942
56643
57281
57761
58541
59141
59762
