859
1646
2417
3142
4093
5070
5751
6592
7513
8122
8920
9817
10594
11466
12346
13358
14131
14958
15834
16603
17426
18178
18753
19662
20474
21120
21843
22665
23364
24425
25148
25822
nan
nan
nan
29036
29733
30326
31071
31993
32784
33605
34415
35303
35839
36725
37411
37956
nan
39200
39827
40586
41241
41764
42452
43210
44123
44723
45614
nan
47004
47841
48571
49057
49872
50654
51368
52060
52648
53436
53911
54833
55444
56281
56848
57677
58444
59173
59874
60487
61283
