784
1359
1862
2661
3204
nan
4542
5460
6337
6859
7443
8201
8721
9420
9982
10703
11142
11920
12701
13162
nan
nan
15181
16043
16722
17321
18100
18581
19318
nan
nan
20982
21719
22738
23258
23880
nan
nan
25798
26398
nan
nan
28376
28976
nan
nan
30955
31343
32103
32587
32977
nan
nan
nan
35112
nan
36190
36688
nan
37674
38129
38808
39248
39654
40288
40892
41403
41885
42575
43142
43572
nan
nan
45508
46090
46489
47150
47589
48290
nan
49424
49971
50574
51126
51718
52133
52730
53391
nan
54472
nan
55679
56112
nan
nan
57796
58350
nan
59554
60097
nan
