419
427
429
454
393
413
400
500
421
408
399
408
395
433
393
391
404
399
456
408
385
414
427
426
372
389
425
414
437
419
404
404
415
449
412
428
443
464
401
401
440
415
453
432
424
432
379
325
430
178
45
460
404
383
368
435
420
379
361
358
371
406
392
397
399
365
388
414
420
388
376
419
438
407
387
387
383
407
402
409
374
417
377
391
394
378
364
370
368
399
437
385
371
394
403
407
383
372
400
391
410
