446
993
1689
2247
2933
3635
4252
5274
6005
6650
7256
7750
8412
9089
9774
10389
10972
11532
12231
12893
13512
14207
14872
15849
16430
17108
17770
18352
18988
19586
20150
20669
21388
22350
22967
23606
24286
24928
25525
26125
26847
27384
28064
28746
29347
29949
30522
31205
31739
32289
nan
nan
nan
34246
34860
35383
35896
36401
36897
37316
37897
38420
38943
39481
40037
40542
41105
41698
42283
42835
43377
43994
44561
45198
45818
46256
46873
47462
47919
48562
49122
49710
50158
50765
51355
51881
52512
53022
53657
54286
54884
55304
55865
56425
57044
57646
58106
58683
59183
59728
60426
