329	343	352	431	412	457	nan	508	nan	nan	nan	518	480	681	466	496
897	906	918	980	963	1005	1072	1050	1211	1221	1239	515	483	680	467	502
1399	1450	1466	1525	1513	1551	1600	1592	1803	1816	1827	515	479	675	472	501
1955	1982	1988	2076	2062	2101	2182	2152	2287	2316	2338	518	489	663	476	504
2534	2546	2559	2624	2604	2647	2720	2693	2820	2838	2858	519	498	639	486	498
3111	3119	3142	3186	3171	3210	3259	3269	3407	3429	3445	513	479	669	476	507
3660	3691	3700	3790	3771	3814	nan	3857	nan	nan	nan	505	473	691	453	516
4474	4489	4506	4541	4520	4564	4614	4605	4796	4808	4822	521	488	700	460	511
5153	5168	5186	5267	5251	5290	5369	5336	5468	5487	5497	523	494	670	480	501
5851	5860	5868	5921	5905	5946	6010	5994	6165	6174	6197	505	486	644	473	505
6476	6491	6503	6566	6547	6591	6635	6644	6826	6843	6864	519	483	694	464	511
7108	7138	7152	7236	7220	7260	7315	7303	7511	7524	7534	513	479	692	461	511
7839	7855	7863	7968	7950	7991	8046	8036	8207	8224	8241	507	479	672	458	501
8530	8544	8556	8632	8615	8655	8730	8696	8874	8883	8937	525	492	642	484	510
9149	9188	9197	9264	9247	9288	9341	9331	9475	9520	9538	508	480	673	469	508
9801	9815	9834	9907	9891	9933	nan	9973	nan	nan	nan	510	475	679	456	495
10434	10474	10490	10560	10541	10584	nan	10634	nan	nan	nan	519	484	686	459	506
10996	11014	11028	11218	11201	11241	11329	11292	11453	11470	11515	519	492	658	469	516
11747	11758	11770	11834	11818	11857	11937	11911	12062	12082	12127	518	490	647	482	504
12390	12400	12414	12454	12437	12479	12548	12523	12677	12702	12713	513	484	684	464	506
13016	13027	13039	13111	13094	13135	nan	13176	nan	nan	nan	508	478	692	455	515
13692	13701	13710	13889	13871	13913	14032	13959	14138	14154	14196	511	480	690	462	510
14423	14429	14441	14604	14585	14628	14747	14673	14839	14859	14910	521	492	657	477	510
15143	15167	15187	15246	15232	15268	15333	15317	15482	15496	15542	520	490	639	479	503
15754	15782	15793	15876	15857	15898	15965	15942	16111	16127	16159	506	482	655	466	504
16371	16419	16433	16503	16488	16529	nan	16573	nan	nan	nan	509	476	698	461	516
17066	17082	17103	17170	17152	17193	nan	17246	nan	nan	nan	513	478	696	455	494
17702	17746	17760	17829	17812	17852	17945	17899	18060	18094	18123	522	493	676	474	497
18332	18348	18365	18442	18424	18463	18527	18507	18690	18699	18733	525	496	637	481	521
18866	18878	18891	19040	19021	19060	19081	19116	19267	19289	19317	506	485	614	476	486
19470	19480	19491	19629	19614	19651	19725	19702	19871	19878	19916	510	481	626	472	506
20088	20124	20138	20207	20186	20227	20289	20278	20450	20463	20481	513	480	642	470	504
20661	20686	20700	20762	20746	20784	20841	20834	20975	20992	20999	524	496	630	495	490
21202	21247	21263	21325	21304	21345	21413	21395	21557	21574	21600	520	485	620	466	491
21828	21841	21850	21897	21877	21921	21982	21969	22124	22150	22170	512	476	672	471	499
22364	22393	22407	22474	22458	22498	nan	22541	nan	nan	nan	515	473	686	460	504
23021	23031	23047	23112	23096	23136	nan	23183	nan	nan	nan	508	475	696	459	551
23651	23703	23715	23784	23770	23809	23883	23854	24009	24033	24052	521	499	719	482	547
24234	24239	24252	24431	24414	24454	24502	24518	24672	24689	24707	523	487	664	461	517
24916	24961	24970	25041	25025	25065	nan	25102	nan	nan	nan	498	477	656	475	492
25444	25456	25487	25654	25637	25679	nan	25719	nan	nan	nan	521	487	686	467	521
26198	26208	26228	26265	26248	26290	nan	26330	nan	nan	nan	509	479	676	467	517
26790	26803	26811	26862	26846	26885	26965	26933	27068	27088	27096	518	489	675	472	496
27352	27357	27367	27438	27421	27462	27510	27516	27699	27705	27723	514	488	646	473	507
27951	27963	27970	28014	27999	28039	28081	28093	28210	28226	28246	525	494	696	472	504
28504	28514	28524	28589	28570	28613	nan	28657	nan	nan	nan	516	479	688	457	496
29065	29078	29096	29173	29157	29197	29263	29238	29285	29318	29350	518	475	679	464	503
29603	29608	29625	29795	29779	29818	29914	29868	30013	30052	30081	515	491	660	474	504
30270	30286	30291	30378	30359	30401	30458	30713	30494	30511	30573	513	497	666	457	497
30842	30862	30871	30962	30946	30986	31065	31020	31074	31101	31110	516	474	671	497	492
nan	nan	nan	31553	nan	31577	31623	31660	31667	31704	31757	467	529	732	537	507
32029	32044	32055	32123	32111	32149	32192	32201	32372	32384	32407	508	471	599	444	508
32574	32592	32602	32699	32685	32723	32775	32765	32868	32897	32912	506	473	641	455	511
33140	33165	33179	33277	33261	33304	33361	33340	33504	33516	33525	521	472	650	463	503
33750	33765	33775	33883	33866	33907	33944	33963	34110	34132	34139	538	495	680	468	505
34446	34457	34464	34506	34495	34531	34603	34693	34642	34671	34692	511	510	707	484	516
35046	35058	35065	35110	35092	35131	35182	35171	35297	35310	35323	527	485	636	479	521
35605	35620	35634	35702	35684	35727	35784	35767	35896	35914	35921	519	482	657	470	492
36134	36141	36154	36293	36282	36319	36356	36376	36525	36542	36553	521	476	659	462	510
36707	36725	36740	36881	36865	36908	36972	36951	37151	37158	37170	536	489	661	472	510
37359	37382	37395	37468	37456	37496	37571	37543	37673	37687	37696	524	500	654	476	512
37948	37962	37976	38048	38025	38072	38135	38120	38213	38225	38233	496	492	636	481	503
38523	38539	38556	38618	38596	38641	38707	38681	38798	38828	38846	545	471	619	461	500
39048	39090	39100	39177	39161	39206	39250	39242	39294	39300	39315	537	521	706	498	502
39651	39665	39673	39746	39731	39770	39823	39813	39848	39868	39874	510	507	691	488	503
40175	40201	40210	40300	40285	40324	40366	40375	40532	40545	40556	537	480	627	462	515
40731	40754	40764	40847	40821	40870	40946	40910	40961	40969	40988	504	501	653	488	513
41275	41308	41336	41386	41376	41411	41450	41460	41610	41628	41647	532	477	642	467	501
41822	41846	41860	41928	41913	41953	42019	41996	42172	42199	42212	526	492	663	482	505
42396	42413	42433	42477	42455	42504	42542	42536	42757	42767	42774	521	491	661	480	495
42862	42872	42898	43034	43021	43056	43113	43104	43281	43289	43300	519	474	607	459	509
43495	43520	43531	43584	43570	43608	43642	43655	43711	43722	43732	519	486	670	480	520
44072	44079	44088	44139	44125	44164	44200	44227	44258	44269	44281	522	486	670	478	516
44514	44529	44543	44712	44699	44737	44781	44770	44860	44870	44885	514	492	671	481	497
45082	45102	45124	45305	45285	45327	45382	45389	45531	45536	45552	508	485	632	466	504
45793	45803	45814	45873	45857	45898	45954	45938	46128	46135	46147	521	477	627	460	513
46336	46358	46369	46439	46424	46465	46523	46505	46725	46736	46749	526	492	676	477	501
46925	46934	46947	47004	46991	47031	47064	47059	47249	47260	47275	529	481	668	476	520
47489	47512	47525	47573	47561	47599	47657	47634	47777	47801	47812	519	496	681	484	507
48055	48061	48076	48134	48122	48159	48225	48201	48376	48388	48416	514	488	633	474	511
48521	48542	48553	48690	48672	48710	48768	48757	48919	48932	48955	516	480	615	469	500
49135	49159	49170	49240	49227	49266	49342	49306	49468	49488	49512	524	483	650	468	520
49700	49710	49721	49788	49774	49813	49848	49860	49957	49967	49990	518	487	662	470	509
50254	50266	50280	50334	50318	50359	50418	50397	50604	50616	50629	535	481	659	465	498
50819	50828	50840	50888	50871	50910	50945	50958	51077	51086	51100	531	498	681	486	495
51364	51374	51386	51443	51428	51468	51515	51506	51577	51586	51601	500	504	662	489	505
51813	51829	51836	51992	51980	52014	52077	52056	52224	52240	52252	515	467	607	458	525
52430	52459	52481	52537	52525	52562	52633	52604	52792	52802	52826	520	481	653	463	509
52992	53005	53017	53082	53067	53106	53142	53152	53268	53299	53306	527	486	663	475	492
53514	53547	53562	53626	53611	53649	53709	53687	53776	53789	53802	521	482	658	468	486
