518
515
515
518
519
513
505
521
523
505
519
513
507
525
508
510
519
519
518
513
508
511
521
520
506
509
513
522
525
506
510
513
524
520
512
515
508
521
523
498
521
509
518
514
525
516
518
515
513
516
467
508
506
521
538
511
527
519
521
536
524
496
545
537
510
537
504
532
526
521
519
519
522
514
508
521
526
529
519
514
516
524
518
535
531
500
515
520
527
521
514
503
507
528
531
513
508
519
514
527
510
506
513
