nan
1072
1600
2182
2720
3259
nan
4614
5369
6010
6635
7315
8046
8730
9341
nan
nan
11329
11937
12548
nan
14032
14747
15333
15965
nan
nan
17945
18527
19081
19725
20289
20841
21413
21982
nan
nan
23883
24502
nan
nan
nan
26965
27510
28081
nan
29263
29914
30458
31065
31623
32192
32775
33361
33944
34603
35182
35784
36356
36972
37571
38135
38707
39250
39823
40366
40946
41450
42019
42542
43113
43642
44200
44781
45382
45954
46523
47064
47657
48225
48768
49342
49848
50418
50945
51515
52077
52633
53142
53709
54227
54811
55341
55889
56434
56969
57518
58067
58574
59225
59711
60266
60811
nan
