448
1101
1736
2449
3111
3778
4398
5058
5736
6393
7023
7682
8367
9086
9749
10402
11040
11637
12298
13028
13681
14276
14894
15489
16027
16690
17305
17885
18600
19063
19827
20512
21157
21769
22365
22999
23613
24267
24913
25546
26242
27058
27769
28475
29204
29823
30637
31253
31943
32580
33202
33734
34451
35058
35713
36310
36906
37499
38063
38658
39250
39934
40546
41147
41731
42320
42938
43577
44207
44829
45436
46058
46686
47327
47955
48560
49155
49782
50329
50920
51512
52105
52665
53241
53805
54387
55001
55644
56275
56923
57614
58272
58936
59617
