426
1072
1723
2435
3097
3743
4379
5043
5715
6376
7001
7651
8341
9064
9728
10375
11023
11625
12288
13011
13664
14259
14874
15477
16014
16677
17255
17851
18588
19049
19804
20491
21126
21750
22342
22968
23594
24251
24886
25526
26222
27019
27740
28456
29184
29811
30631
31244
31922
32566
33192
33724
34424
35043
35697
36293
36881
37468
38048
38643
39244
39902
40521
41125
41707
42303
42925
43549
44191
44808
45415
46041
46667
47312
47931
48543
49145
49727
50315
50906
51492
52072
52644
53221
53783
54372
54987
55615
56250
56907
57588
58258
58916
59599
