390
1060
1699
2394
3084
3706
4339
5034
5689
6329
6968
7636
8311
9030
9685
10339
11013
11609
12257
12992
13651
14236
14843
15428
16002
16666
17235
17838
18573
19042
19796
20475
21092
21719
22308
22960
23559
24206
24845
25488
26190
26982
27701
28433
29169
29798
30616
31216
31911
32546
33178
33708
34385
35025
35686
36280
36866
37430
38006
38597
39221
39895
40508
41106
41679
42266
42915
43511
44158
44782
45394
46014
46644
47304
47906
48529
49133
49693
50270
50864
51463
52045
52625
53204
53761
54353
54971
55582
56214
56878
57546
58223
58859
59563
