337
1083
1828
2585
3334
4093
4823
5567
6313
7035
7769
8510
9250
9993
10736
11502
12251
12996
13760
14524
15260
16012
16761
17512
18229
18939
19681
20411
21149
21888
22626
23359
24097
24849
25593
26347
27110
27878
28644
29418
30204
30988
31793
32541
33253
33991
34682
35374
36048
36719
37392
38049
38723
39384
40049
40710
41368
42020
42670
43319
43959
44595
45231
45865
46505
47133
47771
48433
49102
49778
50493
51209
51934
52676
53415
54153
54869
55600
56315
57004
57701
58358
59039
59701
