521
1277
2017
2761
3524
4277
5012
5760
6484
7231
7959
8693
9443
10178
10930
11685
12442
13188
13946
14703
15462
16189
16952
17691
18404
19148
19864
20597
21332
22089
22811
23533
24276
25040
25780
26538
27298
28069
28837
29614
30388
31185
31971
32735
33483
34178
34873
35568
36243
36911
37575
38239
38915
39586
40223
40892
41557
42205
42845
43489
44152
44773
45428
46049
46679
47309
47948
48621
49281
49967
50687
51394
52109
52856
53608
54350
55052
55776
56512
57186
57885
58555
59228
nan
