698
1464
2250
3016
3842
4644
5505
6296
6845
7788
8586
9407
10212
11007
11790
12565
13342
14108
14879
15672
16167
17115
17890
18688
19496
20276
21102
21903
22731
23546
24331
25132
25676
26599
27377
28180
28989
29813
30707
31386
32193
32969
33730
34478
35236
35978
36707
37427
38176
38746
39612
40349
41073
41833
42531
43271
43998
44700
45255
46093
46789
47521
48236
48934
49788
50528
51285
51811
52683
53434
54147
54924
55685
56466
57233
57986
58732
59493
60249
60990
61544
62368
63138
63883
64622
65254
66058
nan
67209
nan
