704
1480
2263
3041
3857
4679
5513
6333
6869
7808
8618
9421
10220
11015
11803
12578
13371
14133
14903
15687
16203
17123
17905
18705
19509
20312
21125
21943
22753
23550
24356
25158
25684
26615
27392
28206
29008
29825
30735
31451
32241
32994
33753
34503
35248
35988
36717
37449
38200
38771
39632
40369
41106
41841
42567
43287
44006
44730
45262
46110
46838
47573
48310
49048
49802
50554
51302
51839
52714
53465
54213
54963
55719
56487
57246
58005
58763
59515
60260
61000
61578
62421
63153
63901
64634
65307
66072
nan
67219
nan
