491
1277
2046
2835
3650
4468
5307
6133
6667
7622
8407
9206
10004
10799
11592
12382
13166
13919
14695
15472
16016
16942
17700
18495
19317
20100
20911
21761
22547
23340
24140
24946
25510
26396
27227
27996
28802
29611
30439
31253
32024
32783
33543
34289
35031
35770
36505
37240
37984
38564
39415
40158
40895
41627
42356
43079
43796
44521
45062
45935
46629
47364
48103
48844
49590
50348
51093
51644
52558
53253
54005
54757
55515
56275
57036
57797
58554
59307
60052
60792
61433
62361
62992
63677
64447
65176
65953
nan
67177
nan
