793
1631
2462
3310
4137
4989
5831
6653
7490
8318
9162
9995
10774
11643
12480
13290
14127
14965
15792
16620
17453
18273
19087
19923
20730
21550
22357
23166
23999
24787
25582
26403
27224
28051
28895
29706
30534
31332
32095
32975
33690
34493
35218
35999
36771
37500
38240
39010
39745
40509
41275
41954
42766
43522
44271
45030
45812
46516
47278
48053
48832
49658
50424
51236
52014
52765
53582
54303
55093
55852
56602
57357
58111
58881
59637
nan
