695
1524
2374
3202
4037
4889
5726
6545
7398
8224
9060
9908
10724
11553
12385
13196
14026
14874
15705
16522
17345
18166
18984
19828
20628
21446
22261
23079
23892
24676
25494
26297
27119
27961
28793
29613
30501
31275
32047
32859
33634
34404
35164
35888
36660
37399
38148
38908
39654
40396
41164
41904
42654
43424
44172
44938
45720
46472
47230
48002
48778
49557
50334
51127
51905
52676
53448
54212
54986
55741
56504
57264
57991
58775
59532
60313
