454
1247
2172
3008
3947
4772
5613
6380
6781
7248
8121
8938
9784
10557
11447
12278
nan
13939
14733
15646
16359
17130
17936
18702
19544
20324
21134
21891
22650
23417
24165
25001
25782
26670
27558
28399
29249
30071
30926
31724
32495
33288
34072
34779
35453
36139
36848
37540
38166
38941
39572
40363
41004
41733
42508
43138
43910
44725
45345
46140
46872
47600
48389
49112
49886
50707
51509
52267
53076
53884
54566
55398
56264
57015
57758
58632
59352
60147
60827
61608
62304
62973
63652
64220
64839
65440
nan
