692
1391
2072
2772
3512
4313
5093
5913
6714
7714
8535
9216
9918
10458
10657
11415
12116
12876
13696
14736
15436
16237
17017
17797
18497
19197
19897
20657
21417
22417
23278
23938
24738
25499
26239
27019
27719
28380
29059
29699
30339
31081
31940
33000
33720
34681
35701
36541
37121
37983
38562
39241
40002
40701
41501
42521
43242
44201
45042
45682
46462
47242
47981
48742
49481
50241
51001
51763
52442
53182
53903
54623
55424
56405
57205
