1013
1692
2371
3094
3854
4634
5436
6253
7054
7872
8698
9517
10259
10536
10977
11696
12438
13217
14035
14899
15757
16561
17360
18140
18818
19518
20218
20957
21758
22598
23439
24278
25079
25842
26580
27282
27981
28641
29302
29961
30661
31420
32264
33162
34061
34962
35843
36702
37463
38142
38841
39542
40282
41043
41842
42664
43504
44361
45203
46003
46804
47581
48322
49065
49824
50582
51322
52064
52786
53504
54223
54962
55765
56564
57364
