906
1588
2276
2999
3758
4540
5341
6150
6960
7768
8605
9415
10164
10492
10885
11602
12340
13111
13932
14808
15659
16470
17268
18042
18723
19424
20117
20856
21660
22492
23338
24175
24979
25751
26479
27187
27888
28538
29209
29867
30554
31315
32170
33069
33955
34862
35747
36601
37368
38049
38737
39445
40183
40951
41747
42573
43414
44259
45097
45911
46708
47475
48223
48972
49731
50482
51223
51967
52694
53400
54118
54858
55657
56464
57263
