932
1750
2582
3395
4053
5015
5797
6654
7548
8368
9255
10093
10896
11734
12685
13500
14389
15211
16061
16911
17741
18628
19429
20295
21210
22074
22954
23860
24778
25655
26524
27364
28159
28986
29861
30641
31411
31644
32472
33551
33633
34132
35027
35606
36635
37466
38269
39042
39839
40630
41453
42244
43028
43802
44641
45407
46258
47023
47840
48602
49395
50227
51021
51807
52622
53395
54251
55031
55780
56658
57378
58248
58973
59820
nan
