692
1492
2310
3137
3897
4789
5603
6373
nan
8111
8982
9840
10666
11556
12425
13133
14122
14976
15807
16636
17474
18345
19182
20051
20933
21820
22730
23597
24493
25351
26244
27075
27916
28763
29517
30546
30932
31372
32196
33140
33550
33931
34794
35454
36390
37189
37976
38740
39576
40376
41176
41980
42785
43569
44342
45187
45990
46781
47568
48364
49131
49958
50766
51540
52346
53186
53987
54786
55581
56383
57182
57981
58784
59573
60370
