747
1587
2400
3248
4167
4841
5656
6489
7332
8221
9078
9897
10883
11614
12479
13325
14177
15029
15864
16739
17577
18438
19239
20145
20990
21914
22817
23756
24600
25499
26300
27142
27973
28853
29728
30637
31101
31486
32289
33268
33571
34047
34851
35508
36451
37279
38074
38829
39677
40470
41272
42044
42894
43685
44440
45280
46094
46883
47662
48458
49260
50058
50862
51685
52441
53280
54086
54843
55676
56476
57238
58075
58883
59631
60462
