518	528	538	616	596	639	708	689	915	924	937	519	443	693	451	534
1189	1203	1217	1285	1265	1307	1367	1357	1585	1597	1622	519	440	697	446	540
1837	1848	1859	2087	2067	2107	2120	2165	2389	2399	2408	514	442	692	444	540
2943	2962	2974	3040	3022	3061	3076	3113	3241	3351	3383	509	451	697	448	545
3941	3955	4010	4012	3995	4034	4047	4093	4221	4327	4367	509	451	700	444	544
4912	4928	4940	4998	4980	5019	5033	5076	5212	5311	5319	509	448	711	442	543
5869	5898	5918	5961	5941	5982	6080	6042	6159	6280	6362	508	452	722	442	541
6844	6860	6870	6911	6892	6932	7035	6986	7105	7227	7322	508	452	736	439	538
7547	7561	7586	7836	7818	7857	7957	7912	8032	8155	8228	507	455	743	436	535
8457	8470	8482	8731	8713	8753	8869	8809	8953	9045	9109	509	451	733	433	527
9505	9524	9534	9597	9579	9620	9737	9669	9908	9919	10004	513	455	726	448	533
10226	10237	10293	10427	10410	10450	10556	10503	10623	10726	10740	509	450	708	448	524
11131	11166	11172	11229	11211	11252	11373	11303	11499	11517	11534	508	451	705	455	548
11752	11763	11777	11824	11812	11841	11867	11853	12005	12023	12043	617	444	620	419	697
12504	12517	12530	12739	12715	12762	12791	12808	13110	13122	13132	548	449	762	430	529
13227	13240	13252	13472	13455	13494	13541	13552	13700	13752	13759	531	446	757	431	533
13996	14012	14028	14220	14198	14242	14283	14280	14494	14507	14516	531	441	745	444	541
14796	14806	14819	15002	14979	15022	15068	15083	15277	15291	15302	522	465	752	418	534
15733	15744	15755	15820	15800	15842	15899	15911	16096	16106	16128	527	441	759	433	536
16562	16585	16600	16655	16638	16677	16716	16728	17005	17021	17050	525	457	765	426	529
17299	17315	17324	17501	17482	17523	17551	17580	17799	17807	17821	518	451	761	426	536
18102	18115	18128	18354	18337	18377	18416	18440	18623	18635	18646	522	445	722	440	536
19021	19029	19045	19227	19206	19249	19321	19311	19549	19564	19574	519	438	701	451	529
19857	19871	19886	20095	20076	20119	20175	20167	20387	20405	20435	519	447	725	440	528
20677	20687	20700	20961	20944	20983	21024	21036	21218	21245	21262	520	446	744	433	531
21558	21565	21579	21802	21783	21824	21881	21893	22082	22098	22142	517	451	729	436	527
22475	22486	22496	22610	22592	22633	22701	22680	22825	22893	22901	520	449	724	448	531
23192	23211	23221	23417	23395	23441	23481	23510	23699	23707	23725	524	455	751	437	552
23987	23998	24010	24232	24214	24257	24319	24306	24523	24529	24545	532	438	776	426	534
24912	24926	24941	25029	25006	25052	25104	25125	25348	25366	25385	528	449	734	436	533
25632	25642	25656	25836	25817	25859	25922	25908	26140	26158	26181	520	434	761	427	540
26396	26409	26421	26657	26639	26678	26716	26730	26976	26981	26997	518	435	783	413	544
27296	27307	27317	27511	27495	27533	27582	27568	27806	27822	27839	531	452	785	428	529
28163	28170	28180	28361	28342	28383	28417	28445	28574	28641	28654	518	440	701	435	533
28911	28927	28940	29182	29161	29203	29243	29257	29502	29514	29533	520	452	728	439	542
29744	29755	29767	30032	30017	30055	30112	30104	30266	30304	30314	528	462	769	423	567
30645	30665	30680	30882	30850	30905	30977	30959	31149	31168	31175	532	449	699	449	536
31466	31480	31503	31668	31651	31691	31720	31737	31878	31962	31984	509	438	694	453	522
32166	32175	32186	32435	32416	32458	32486	32509	32776	32791	32811	511	457	701	435	527
32963	32970	32988	33170	33151	33194	33221	33249	33383	33441	33479	527	463	743	455	528
33668	33687	33739	33880	33863	33904	33931	33954	34096	34162	34190	516	451	719	452	524
34333	34343	34353	34572	34555	34595	34714	34648	34860	34870	34887	517	455	713	446	525
35007	35025	35044	35256	35240	35279	35369	35332	35548	35568	35583	518	455	723	447	517
35717	35732	35747	35935	35918	35958	36055	36010	36114	36219	36245	517	457	719	447	518
36402	36427	36476	36615	36598	36639	36738	36688	36820	36899	36935	516	454	717	448	518
37000	37013	37033	37278	37262	37302	37359	37347	37511	37567	37579	519	425	687	440	527
37742	37753	37799	37933	37916	37956	38002	38018	38145	38204	38222	538	479	728	460	514
38482	38500	38507	38578	38562	38603	38667	38647	38783	38855	38867	509	448	722	444	531
39015	39036	39055	39217	39200	39241	39338	39291	39415	39495	39519	532	462	718	462	528
39601	39634	39652	39848	39831	39871	39951	39925	40060	40116	40127	536	447	704	451	521
40372	40398	40411	40467	40450	40490	40515	40544	40668	40730	40761	516	445	686	451	519
40983	41010	41033	41084	41068	41108	41186	41161	41297	41354	41373	515	450	707	449	519
41609	41624	41632	41698	41682	41722	41829	41771	41909	41963	41990	516	452	723	451	518
42221	42238	42264	42311	42294	42335	42423	42384	42518	42571	42604	517	451	720	451	517
42727	42740	42752	42923	42907	42947	42972	43006	43130	43183	43199	510	432	689	447	515
43473	43482	43496	43539	43522	43562	43587	43609	43807	43816	43834	526	454	709	456	547
43899	43918	43933	44175	44158	44198	44252	44260	44452	44465	44476	526	458	720	462	525
44586	44606	44624	44850	44834	44873	44966	44925	45027	45135	45157	527	454	697	442	518
45338	45346	45359	45593	45577	45616	45676	45666	45879	45885	45910	518	473	710	458	522
46149	46160	46174	46393	46376	46415	46518	46469	46595	46670	46697	514	449	719	445	525
46904	46915	46927	47178	47162	47202	47227	47253	47388	47446	47462	514	441	686	453	530
47668	47672	47686	47942	47925	47964	48074	48013	48137	48217	48255	521	457	717	446	528
48410	48425	48444	48694	48678	48718	48818	48764	48903	48962	49005	520	456	715	445	530
49207	49218	49237	49441	49425	49465	49567	49513	49647	49710	49743	515	449	713	446	523
49924	49936	49960	50164	50147	50187	50293	50238	50371	50434	50475	513	449	699	456	532
50619	50629	50671	50862	50845	50886	50996	50934	51069	51129	51175	519	451	711	448	528
51347	51366	51383	51560	51543	51583	51669	51633	51765	51827	51883	518	451	726	446	526
52042	52047	52079	52245	52229	52269	52364	52319	52448	52514	52548	514	451	726	450	527
52695	52715	52742	52923	52906	52947	53060	52996	53130	53188	53216	515	450	708	453	524
53378	53399	53416	53591	53574	53614	53675	53662	53793	53854	53904	516	455	711	456	524
54041	54057	54067	54269	54253	54292	54376	54341	54484	54534	54568	515	458	727	452	525
54885	54910	54927	54970	54953	54993	55080	55045	55178	55235	55282	515	458	731	451	525
55406	55440	55458	55705	55689	55729	55823	55776	55944	55972	55993	512	448	713	446	527
56182	56199	56217	56454	56437	56477	56570	56528	56660	56719	56773	522	461	723	455	530
56998	57010	57028	57215	57198	57238	57352	57293	57420	57481	57510	514	456	728	447	526
57758	57770	57782	57971	57954	57995	58101	58046	58177	58235	58279	515	459	737	451	527
58458	58469	58485	58730	58713	58754	58840	58801	58940	58995	59029	516	456	736	448	523
59190	59205	59221	59483	59466	59506	59531	59554	59689	59747	59789	516	451	710	454	527
59940	59954	59964	60209	60193	60233	60300	60284	60413	60475	60519	515	455	713	448	521
60728	60739	60752	60928	60912	60952	61037	61001	61135	61192	61235	518	453	711	453	521
61362	61390	61413	61637	61621	61660	61736	61719	61841	61907	61915	503	443	702	450	533
62229	62242	62251	62315	62297	62338	62363	62503	62524	62574	62612	542	476	726	470	512
62899	62918	62924	62988	62972	63011	63106	63061	63204	63254	63290	504	455	713	457	535
