604
1461
2075
3058
3895
4528
5369
6203
7134
8070
8933
9790
10655
11315
12229
13227
13902
14881
15621
16550
17386
18283
19101
19983
20888
21765
22645
23375
24398
25349
25995
26876
27854
28718
29451
30334
30888
31339
32140
33106
33437
33750
34734
35285
36326
37067
37937
38684
39447
40316
41119
41929
42762
43360
44332
45149
45950
46587
47523
48158
49129
49762
50723
51520
52326
53064
53926
54703
55344
56205
57097
57920
58724
59521
60253
