1147
2019
2832
3645
4482
5333
6164
6961
7783
8527
9308
10061
10844
11659
12526
13380
14201
15079
15802
16607
17392
18141
18922
19690
20458
21300
22039
22844
23654
24435
25233
26003
26810
27602
28373
29179
29895
30658
31276
32122
32714
33372
34013
34750
35452
36110
36829
37591
38372
39186
39931
40749
41427
42150
42950
43585
44309
45046
45888
46609
47486
48248
49028
49789
50465
51266
51925
52642
53426
54143
54925
55624
56400
57123
57863
58643
59341
59957
60642
