385
1159
1945
2728
3500
4307
5132
5967
6888
7763
8609
9497
10346
11177
12074
12986
13868
14851
15840
16679
17440
18218
19049
19866
20770
21714
22685
23714
24654
25489
26331
27178
28012
28849
29768
30695
31518
32325
33099
33817
34497
35142
35760
36365
36959
37549
38141
38753
39409
40107
40858
41658
42502
43337
44177
45043
45899
46692
47456
48242
49035
49792
50539
51304
52121
52984
53810
54687
55612
56544
57397
58211
59076
60046
