690
1505
2301
3115
3922
4716
5488
6284
7083
7888
8684
9494
10306
11091
11869
12662
13444
14204
14978
15769
16564
17350
18143
18947
19766
20567
21392
22222
23051
23874
24714
25565
26390
27229
28075
28915
29749
30772
31374
32147
32899
33635
34120
35135
35876
36605
37354
38250
38862
39609
40362
41117
41860
42624
43383
44145
44908
45681
46455
47223
47972
48732
49476
50237
50990
51736
52498
53264
54047
54823
55610
56414
57213
58015
58818
59621
60410
