438
1445
2206
3048
3844
4602
5267
6178
6941
7681
8606
9388
10103
10824
11687
12593
13172
14073
14778
15509
16330
17131
18006
18674
19652
20350
21113
21974
22950
23625
24494
25291
26249
26996
27952
28714
29517
30715
31270
31971
32790
33543
33970
34868
35803
36420
37089
38009
38622
39385
40095
40956
41711
42546
43257
44046
44662
45484
46353
46954
47713
48629
49369
50095
50875
51579
52245
52997
53914
54629
55530
56163
56941
57938
58546
59518
60182
