465
1464
2232
3079
3855
4617
5309
6222
6956
7694
8631
9394
10131
10862
11708
12605
13217
14118
14799
15557
16360
17158
18022
18686
19665
20517
21184
22061
22982
23663
24522
25304
26278
27006
27985
28738
29530
30814
31345
32017
32805
33569
34007
34886
35813
36432
37142
38023
38651
39469
40125
40963
41741
42565
43330
44067
44686
45505
46361
46965
47737
48639
49380
50115
50906
51595
52289
53025
53926
54658
55555
56178
56966
57949
58562
59547
60207
