893
1652
2512
3249
4250
4914
5619
6434
7231
8037
8958
9888
10551
11329
12155
12794
13575
14424
15255
16016
16720
17633
18338
19038
20001
20862
21759
22377
23419
24117
25003
25760
26728
27486
28387
29007
29955
30981
31620
32292
33126
33746
34402
35347
35982
36918
37427
nan
39162
39854
40621
41271
42071
42891
43508
44417
45181
45950
46649
47460
48260
48824
49801
50427
51283
51989
52776
53518
54263
55052
55891
56555
57519
58307
59101
59829
60711
