768
1482
2166
2847
3483
4120
4771
5441
6157
6851
7403
8200
8900
9486
10322
11018
11692
12359
13035
13706
14395
15091
15674
16447
17157
17891
18645
19369
20060
20740
21424
22125
22823
23510
24191
24879
25560
26246
26966
27679
28367
29056
29772
30524
31280
31932
32611
33403
33906
34492
35214
35797
36364
36954
37544
38156
38788
39323
40069
40692
41308
41923
42542
43166
43793
44283
45020
45563
46254
46874
47507
48128
48737
49355
49949
50589
51208
51843
52459
52988
53702
54311
54938
55537
56146
56742
57300
57884
58495
59121
59751
60413
61042
