nan
1644
2344
2999
3644
4284
4946
5603
6338
7009
7688
8368
9125
9839
10506
11180
11867
12542
13206
13925
nan
15248
15938
16607
17350
18049
18863
19537
20223
20918
21610
22308
23003
nan
24361
25056
25742
26424
27163
27850
nan
29223
29939
30684
31478
32217
32903
33601
34230
nan
35401
35959
36553
37142
37714
nan
nan
39622
40233
40880
41465
42104
42701
nan
43955
44592
45194
45804
46428
47043
47705
48326
48902
49572
50143
50765
51398
52024
52638
53239
nan
54473
55107
55721
56325
56904
57473
58079
58662
59298
59948
60583
61197
