933
1538
2066
2798
3625
4284
4950
5618
6384
7069
7591
8300
9156
9880
10552
11098
11833
12669
13364
14104
14696
15582
16211
17085
17804
18597
19341
20013
20515
21325
21859
22702
23361
24073
24753
25574
26213
27090
27816
28562
29374
30146
30865
31534
32172
32995
33713
34418
35137
35775
36341
37140
37736
38452
39015
39780
40434
41122
41774
42258
42863
43632
44173
44912
45530
46158
46833
47480
48120
48655
49313
50067
50688
51310
51840
52576
53240
53822
54499
54973
55749
56366
57012
57610
58154
58886
59342
60100
60694
61319
