919
1525
2054
2773
3598
4265
4917
5600
6342
7059
7572
8285
9128
9855
10520
11082
11813
12649
13331
14084
14673
15556
16196
17058
17770
18571
19304
20003
20496
21293
21845
22685
23340
24054
24737
25556
26181
27070
27789
28537
29348
30127
30840
31461
32163
32975
33661
34383
35088
35752
36315
37119
37716
38439
38998
39754
40422
41101
41757
42233
42849
43616
44160
44898
45515
46141
46809
47462
48088
48621
49294
50036
50673
51300
51809
52566
53213
53725
54467
54960
55730
56345
56961
57590
58130
58852
59324
60061
60668
61304
