1088
1777
2225
3061
3765
nan
5089
5810
6548
7189
7899
8566
9313
10061
nan
11384
nan
12822
13530
14239
nan
nan
nan
nan
nan
18732
19526
20157
nan
21484
22155
nan
nan
24262
25058
nan
nan
27252
28038
nan
29548
nan
nan
31738
32476
nan
33849
34597
35283
nan
nan
nan
nan
38619
39298
39923
40576
nan
nan
nan
nan
43803
44475
45078
45715
46323
47000
nan
48266
nan
49587
50209
50824
51481
52097
52799
53396
nan
54642
55293
nan
56528
57122
57759
58389
59033
nan
60240
60869
nan
