361
1067
1788
2511
3217
3911
4606
5309
6031
6768
7487
8214
8946
9669
10382
11106
11840
12558
13291
14032
14765
15485
16226
16984
17727
18455
19183
19911
20652
21398
22136
22870
23613
24356
25090
25819
26558
27303
28048
28778
29506
30238
30974
31697
32409
33096
33767
34433
35096
35748
36394
37049
37708
38362
39008
39652
40295
40937
41575
42214
42853
43503
44163
44834
45516
46207
46905
47604
48302
49014
49731
50439
51150
51858
52572
53290
53995
54702
55407
56116
56823
57531
58236
58946
59655
