679
1511
2298
3077
3847
4609
5381
6151
6918
7688
8471
9418
10354
11277
12189
13082
13919
14715
15497
16279
17058
17845
18639
19437
20328
21319
22262
23186
24100
24965
25772
26563
27363
28157
28956
29770
30687
31733
32720
33644
34485
35280
36058
36834
37609
38416
39348
40265
41145
41989
42765
43518
44258
44995
45742
46497
47409
47801
48318
49212
50085
50947
51776
52550
53306
54056
54806
55549
56289
57035
57826
58729
59617
60485
61332
