742
1563
2352
3136
4002
4663
5440
6397
6987
7745
8743
9471
10411
11335
12243
13138
13975
14774
15566
16334
17112
17904
18697
19535
20421
21375
22319
23254
24154
25018
25901
26626
27421
28219
29011
29835
30747
31795
32852
33717
34538
35339
36117
36896
37697
38485
39405
40355
41211
42045
42824
43573
44333
45052
45796
46554
47471
47913
48385
49262
50205
51006
51831
52618
53373
54114
54860
55716
56332
57098
57885
58791
59672
60547
61391
