528
1304
2106
2967
3793
4770
5487
6350
7335
8211
9090
10008
10834
11571
12564
13389
14190
14912
15908
16743
17470
18429
19272
19989
20944
21803
22628
23362
24325
25204
25885
26811
27488
28367
29228
30165
30989
31876
32560
33150
33634
34135
34985
35585
36311
36967
37869
38466
39108
39865
40527
41425
41969
42726
43540
44045
44767
45546
46441
47066
47867
48714
49430
50325
51098
51735
52511
53387
54165
54774
55571
56505
57128
58145
58883
59508
