542
1344
2153
2996
3842
4783
5497
6356
7385
8241
9120
10018
10878
11580
12575
13417
14228
14921
15925
16762
17479
18441
19299
19996
20960
21814
22654
23373
24335
25216
25896
26843
27495
28378
29236
30196
31032
31890
32568
33174
33667
34172
34997
35594
36354
36978
37900
38476
39118
39874
40535
41436
41975
42735
43556
44055
44773
45555
46456
47077
47878
48815
49441
50342
51120
51743
52521
53406
54183
54783
55579
56517
57136
58154
58896
59514
