639
1477
2280
3103
3970
4861
5719
6617
7519
8385
9262
10151
11008
11839
12701
13555
14363
15209
16054
16907
17716
18574
19445
20271
21092
21943
22800
23659
24471
25321
26165
26985
27781
28638
29513
30349
31171
32031
32848
33245
33887
34379
35105
35823
36543
37265
37989
38692
39395
40100
40811
41525
42244
42943
43635
44331
45052
45805
46583
47362
48128
48903
49688
50476
51252
52003
52771
53539
54317
55071
55838
56620
57417
58215
58994
59783
