1024
1839
2629
3434
4337
5214
6078
6982
7907
8734
9602
10520
11355
12199
13080
13919
14714
15561
16439
17251
18062
18952
19810
20617
21427
22318
23147
24011
24816
25687
26548
27348
28121
28984
29862
30689
31492
32347
33170
33667
34167
34580
nan
36205
36888
37617
38331
38819
39740
40453
41155
41898
42592
43347
43973
44684
45385
46146
46929
47721
48296
49307
50043
50829
51629
52350
52932
53881
54656
55432
56220
56971
57777
58551
59342
60130
