759
1621
2481
3335
4215
4981
5747
6527
7349
8212
9095
9982
10850
11711
12561
13398
14232
15090
15975
16867
17761
18639
19517
20359
21204
22047
22866
23678
24510
25368
26254
27094
27894
28700
29521
30334
31144
31853
32564
33253
33922
34576
35240
35910
36573
37223
37875
38521
39164
39801
40426
41050
41676
42304
42926
43546
44168
44803
45439
46095
46755
47439
48130
48824
49518
50196
50892
51548
52195
52837
53476
54110
54744
55380
56004
56632
57265
57895
58532
59171
59816
60461
