717
1581
2442
3295
4176
4943
5708
6487
7309
8172
9054
9942
10809
11671
12522
13357
14193
15049
15935
16826
17721
18597
19477
20318
21161
22004
22823
23637
24470
25326
26212
27054
27853
28660
29481
30293
31107
31813
32521
33211
33881
34535
35201
35868
36531
37183
37835
38481
39124
39761
40386
41011
41637
42264
42887
43506
44127
44763
45398
46056
46716
47399
48090
48784
49477
50156
50851
51506
52154
52795
53436
54070
54704
55340
55966
56593
57226
57855
58494
59132
59777
60421
