258
845
1608
2290
3010
3767
4450
5172
5809
6374
7345
8038
8713
9624
10375
11158
11897
12484
13303
14019
14651
15476
16114
16777
17544
18443
19205
19901
20625
21344
22092
22661
23528
24174
25059
25809
26574
27123
27803
28604
29257
29926
30583
31396
31918
32768
33386
34180
34841
35535
36161
36807
37513
38027
38576
39209
39769
40318
40960
41446
42098
42603
43158
43806
44397
45000
45604
46222
46866
47378
48180
48745
49418
50196
50857
51562
52388
52949
53769
54461
55169
55678
56528
57136
57804
58414
59057
