612
1352
2067
2808
3477
4119
4777
5464
6183
6880
7662
8423
9191
9986
10750
11516
12245
12932
13648
14373
15068
15786
16612
17288
18033
18788
19562
20268
20951
21694
22442
23173
23894
24657
25406
26158
26884
27590
28312
29023
29723
30380
31023
31765
32412
33140
33834
34528
35215
35880
36557
37187
37805
38391
39009
39593
40144
40698
41276
41810
42387
42969
43566
44175
44765
45360
45967
46601
47234
47870
48558
49241
49956
50642
51360
52052
52724
53419
54111
54798
55502
56199
56861
57551
58216
58904
59581
