217
981
1604
2546
3606
4493
5332
6083
7059
7968
8641
9584
10400
11113
12183
13019
13824
14670
15334
16409
17346
18197
19025
19856
20523
21360
22294
23091
23920
24784
25712
26392
27397
28116
28921
29730
30532
31327
32201
33029
33609
34393
35083
35927
36644
37214
38064
38566
39250
39960
40670
41480
41989
42812
43362
44042
44846
45635
46219
46937
47661
48615
49391
50073
50660
51413
52176
53189
53791
54601
55453
56384
56968
57653
58418
59130
59912
60856
