587
1350
2135
2943
3806
4585
5365
6227
7092
7896
8691
9490
10265
11003
11744
12465
13199
13957
14742
15627
16516
17353
18238
19098
19913
20715
21479
22240
23052
23789
24628
25465
26320
27140
27988
28819
29652
30479
31222
31957
32686
33404
34143
34848
35516
36182
36832
37467
38107
38725
39333
39943
40547
41188
41840
42529
43221
43956
44739
45487
46261
47013
47769
48524
49295
50041
50759
51495
52260
52971
53685
54430
55180
55914
56715
57504
58309
59049
59838
60569
61328
62077
62848
63547
64269
64987
65774
