560
1323
2108
2916
3778
4557
5338
6200
7065
7869
8665
9464
10237
10976
11716
12437
13171
13928
14714
15599
16489
17326
18210
19072
19886
20688
21452
22212
23027
23760
24600
25437
26293
27113
27960
28791
29624
30451
31194
31930
32659
33377
34115
34820
35489
36153
36805
37440
38080
38697
39306
39916
40520
41163
41812
42502
43193
43929
44712
45460
46233
46986
47742
48496
49268
50013
50732
51467
52234
52944
53658
54403
55153
55887
56687
57478
58281
59022
59811
60540
61301
62049
62821
63520
64243
64960
65748
