630
1357
2199
2914
3610
4358
5053
5841
6552
7483
8272
8947
9741
10336
11145
11827
12625
13468
14149
14797
15332
16189
16909
17533
18481
19256
20230
21025
21718
22587
23374
23959
24851
25570
26389
27250
27937
28725
29541
30305
31138
31863
32710
33449
34068
34700
35300
35989
36500
37245
37834
38513
39025
39791
40408
41121
41620
42171
42886
43507
44116
44559
45063
45779
46338
46956
47516
48223
48913
49357
49922
50679
51309
51828
52558
53242
53925
54550
55215
55880
56543
57038
57688
58429
58929
59617
60125
60877
