821
1552
2316
3001
3738
4447
5125
5941
6781
7580
8383
9123
9821
10532
11259
11957
12721
13540
14249
14907
15588
16310
16996
17792
18675
19458
20296
21152
21912
22688
23477
24211
24948
25736
26593
27348
28142
28918
29643
30431
31309
32109
32842
33547
34191
34802
35424
36084
36718
37326
37946
38607
39254
39877
40526
41187
41809
42402
43000
43601
44182
44737
45291
45862
46434
47053
47697
48372
49005
49597
50184
50792
51397
51989
52646
53329
54016
54645
55321
55994
56634
57244
57872
58511
59127
59721
60329
60978
