845
1577
2340
3025
3763
4469
5149
5965
6803
7605
8407
9146
9845
10557
11282
11981
12745
13564
14271
14931
15612
16333
17020
17816
18698
19482
20321
21176
21936
22713
23502
24233
24972
25759
26615
27372
28166
28941
29667
30455
31334
32133
32865
33573
34216
34827
35448
36108
36740
37350
37970
38630
39277
39901
40550
41211
41833
42427
43024
43626
44204
44760
45314
45886
46457
47077
47720
48395
49028
49620
50207
50815
51419
52012
52670
53353
54039
54670
55344
56017
56656
57267
57895
58534
59151
59744
60352
61001
