nan
1012
1630
2227
2971
3771
4367
5090
5804
6570
7331
8029
8830
9430
10306
10932
11830
12468
13373
13931
14710
15492
16310
16888
17608
18428
19092
19807
20708
21304
22053
22666
23469
24289
24952
25511
26453
27071
27664
28381
29565
30150
31225
31907
32407
33069
33736
34527
35089
35587
36524
37084
37687
38605
39166
39925
40777
41347
42043
42900
43623
44249
45080
45642
46098
46447
47164
47425
48542
49262
49921
50155
51141
51739
52701
53379
nan
54683
55401
56120
56980
57779
58300
59138
59678
