686
1432
2095
2765
3468
4042
4939
5549
6351
7062
7749
8520
9096
9916
10763
11374
12121
13054
13784
14559
15263
15869
16742
17455
nan
18663
19630
20341
nan
21609
22505
23246
23971
24571
25287
26173
26845
27537
28112
28989
29875
30707
31701
32312
33016
33642
34115
34950
35491
36159
36962
37625
38289
39007
39717
40338
40989
41706
42635
43182
43997
44656
45588
46049
46523
46885
47479
47997
48855
49536
50242
50791
51552
52317
52943
53629
nan
nan
55981
56576
57459
58150
58844
59562
nan
