454
1192
1991
2846
3553
4325
5003
5749
6545
7370
8088
9005
9802
10468
11280
12196
12955
13888
14708
15362
16267
16910
17814
18444
19219
20080
20762
21602
22497
23106
23928
24653
25362
26185
26803
27654
28401
29153
29965
30743
31607
32386
33102
33872
34760
35383
36097
36865
37409
38257
38908
39415
40019
40517
41247
42085
42600
43384
44050
44701
45324
45946
46636
47171
47978
48571
49238
50106
50706
51349
52186
52955
53463
54147
54961
55477
56388
57074
57749
58411
59106
59769
60395
