493
1229
2012
2878
3603
4358
5027
5789
6569
7397
8107
9020
9862
10502
11325
12223
12991
13917
14740
15385
16301
16936
17842
18480
19245
20115
20869
21642
22538
23131
23953
24691
25393
26213
26825
27698
28434
29192
30000
30775
31644
32408
33125
33896
34860
35441
36125
36926
37492
38293
38926
39439
40076
40621
41272
42123
42624
43409
44142
44736
45351
45991
46687
47224
48006
48596
49256
50122
50827
51401
52223
53029
53535
54180
54989
55617
56407
57112
57771
58429
59135
59788
60425
