387
1327
2067
3107
3888
4951
5688
6628
7268
8029
8709
9528
10449
11270
12030
12849
13829
14588
15251
16092
17053
17870
18654
19512
20550
21234
21933
22814
23573
24393
25136
25872
26773
27592
28553
29374
30473
31475
32076
32834
33461
34075
34717
35337
35974
36672
37372
38017
38654
39308
39977
40616
41297
41970
42626
43362
44254
45077
45997
46878
47758
48495
49438
50137
51076
52013
52978
53779
54659
55575
56318
57077
57901
58800
59641
60423
