650
1452
2328
3229
4150
5010
5880
6686
7394
8150
8911
9772
10612
11485
12291
13073
13884
14635
15434
16304
17196
17918
18714
19731
20596
21355
22116
22976
23819
24516
25194
25929
26957
27855
28687
29601
30611
31520
32217
32880
33519
34135
34767
35382
36036
36726
37428
38073
38706
39358
40035
40724
41381
42020
42682
43417
44431
45344
46173
47020
47926
48731
49493
50401
51340
52241
53062
53940
54832
55628
56374
57125
57962
58919
59757
60480
