918
1718
2579
3479
4398
5259
6139
6938
7639
8399
9159
10018
10879
11741
12540
13320
14141
14900
15680
16562
17461
18162
18961
19981
20861
21602
22382
23222
24083
24762
25444
26183
27223
28101
28943
29863
30863
31786
32481
33126
33763
34345
35022
35605
36247
36931
37643
38272
38927
39607
40285
40946
41589
42207
42922
43666
44645
45544
46422
47285
48185
48911
49745
50645
51588
52466
53249
54187
55048
55862
56627
57370
58167
59166
59967
60729
