609
1387
2131
2854
3565
4262
4970
5688
6405
7151
7902
8661
9435
10207
10946
11687
12415
13139
13864
14583
15284
15992
16699
17395
18139
18912
19690
20416
21133
21830
22530
23215
23897
24581
25286
25996
26727
27468
28203
28938
29676
30385
31680
32298
32900
33491
34083
34665
35245
35822
36398
36978
37558
38138
38719
39300
39877
40450
41021
41589
42151
42707
43259
43810
44355
44900
45451
46017
46629
47356
48161
48929
49642
50347
51020
51668
52290
52898
53494
54085
54674
55261
55846
56431
57023
57616
58208
58795
59381
59968
60557
