518
1297
1907
2757
3471
4032
4892
5441
6306
7053
7814
8565
9346
10113
10852
11457
12170
13042
13648
14491
15252
15805
16444
17172
17901
18660
19596
20189
20921
21734
22444
23033
23809
24505
25194
25771
26632
27368
28109
28713
29588
30152
31471
32081
32872
33263
33960
34591
35156
35691
36269
36880
37428
38033
38622
39217
39846
40324
40844
41504
41992
42527
43103
43601
44197
44740
45205
45891
46597
47110
48067
48816
49549
50119
50944
51573
52077
52814
53421
53997
54583
55180
55749
56331
56929
57524
57981
58700
59290
59886
60464
