893
1486
2106
2729
3391
4027
4644
5267
5869
6505
7136
7806
8425
9048
9666
10302
10879
11506
12164
12803
13422
14043
14667
15267
15900
16565
17200
17821
18415
19045
19677
20340
20965
21599
22239
22878
23472
24105
24736
25401
26040
26664
27302
27902
28542
29174
29798
30458
31076
31661
32659
33534
34155
34816
35417
36034
36632
37232
37873
38435
39016
39612
40216
40814
41353
41971
42575
43151
43836
44316
44892
45494
46071
46667
47248
47830
48413
49006
49590
50191
50791
51387
52010
52588
53192
53794
54395
55014
55624
56228
56845
57454
58050
58652
59231
59848
