865
1492
2113
2730
3349
3971
4601
5233
5872
6512
7141
7761
8381
9003
9628
10253
10885
11510
12130
12751
13373
14003
14635
15275
15906
16528
17155
17785
18417
19051
19679
20305
20931
21564
22199
22838
23478
24112
24738
25367
25998
26630
27266
27904
28548
29179
29803
30419
31038
31663
32659
33539
34157
34776
35384
35992
36596
37196
37841
38422
39021
39575
40223
40765
41356
41939
42560
43139
43716
44303
44898
45479
46031
46618
47239
47839
48417
49013
49598
50200
50756
51354
51954
52551
53199
53800
54402
55022
55649
56192
56799
57401
58054
58636
59242
59828
