729
1547
2410
3254
4022
4814
5641
6499
7316
8125
8866
9617
10395
11201
12015
12786
13546
14288
15047
15832
16614
17411
18161
18978
19720
20490
21277
22118
22962
23840
24781
25683
26546
27376
28257
29123
29893
30751
31614
32509
33343
34211
35030
35896
36769
37576
38336
39100
39866
40643
41449
42195
42907
43663
44427
45236
46081
46902
47787
48642
49480
50321
51122
51908
52778
53597
54399
55180
56016
56873
57738
58597
59489
60261
61057
61859
62654
63515
64427
65254
66069
nan
