653
1676
2660
3454
4348
5315
6235
7043
7914
8908
9789
10644
11541
12482
13297
14204
15228
16132
17053
17959
nan
19679
20609
21415
22232
23054
23800
24542
25445
26388
27295
28110
29000
29914
30686
31449
32237
32963
33698
34417
35114
35815
36531
37183
37837
38497
38996
nan
40257
40908
41545
42111
42754
nan
43830
44417
45031
45697
46337
nan
47888
48610
49329
50110
50830
51632
52345
53148
53904
54569
nan
56146
nan
57599
58345
59056
59788
