828
1848
2851
3669
4566
5501
6365
7234
8134
9107
10000
10837
11763
12688
13476
14432
15426
16330
17245
18144
nan
19885
20761
21616
22470
23282
24013
24795
25667
26579
27433
28344
29194
30113
30903
31676
32445
33213
33907
34657
35338
36011
36684
37347
38019
38684
39277
nan
40516
41120
41726
42347
42877
nan
44140
44713
45245
45992
46582
nan
48019
48802
49580
50318
51138
51862
52596
53347
54083
54845
nan
56368
nan
57822
58543
59297
59955
