534
1336
2036
2778
3634
4236
4975
5678
6415
7172
7877
8513
9211
10019
10735
11416
12138
12893
13674
14377
15117
15833
16592
17250
17936
18655
19411
20135
20811
21517
22294
22994
23695
24414
25133
25847
26533
27253
27992
28629
29417
30063
30866
31513
32167
32791
33359
34074
34738
35400
36076
36758
37572
38277
38880
39590
40333
41112
41835
42537
43117
43824
44555
45195
45978
46855
47463
48161
48856
49614
50393
51095
51844
52571
53292
54013
54706
55407
56153
56850
57596
58394
58990
59676
60390
nan
