677
1465
2182
2902
3646
4283
4865
5826
6545
7264
7939
8700
9323
9912
10844
11334
12063
12805
13760
14442
15242
15878
16596
17158
18084
18782
19421
20138
20860
21640
22399
23018
23730
24538
25217
25960
26682
27379
28121
28798
29540
30262
30937
31633
32074
32933
33349
34120
34850
35424
35968
36885
37502
38050
38887
39630
40190
41008
41597
42309
43247
43963
44683
45324
46044
46626
47584
48285
48919
49667
50431
51182
51869
52601
53405
54021
54783
55518
56026
56984
57470
58402
59019
59757
60494
nan
