1246
2117
2997
3861
4743
5628
6516
7274
8026
8777
9502
10397
11417
12453
13364
14292
15199
16112
17024
17905
18796
19717
20660
21584
22481
23388
24344
25252
26134
27020
27909
28810
29704
30666
31438
32341
33122
33825
34684
35253
36052
36720
37391
37900
38452
39298
39835
40596
41094
41834
42469
43074
43681
44460
45197
45934
46495
47308
48035
48827
49542
50403
51135
51702
52506
53321
54217
54981
55762
56485
57340
58078
58781
59587
nan
