1237
2103
2963
3840
4724
5614
6454
7253
7994
8740
9482
10372
11391
12392
13337
14255
15152
16065
16983
17855
18761
19680
20621
21535
22437
23377
24299
25229
26120
26999
27886
28787
29691
30606
31409
32318
33097
33811
34665
35233
36021
36682
37347
37881
38439
39280
39795
40572
41073
41819
42456
43065
43652
44431
45190
45909
46485
47297
48026
48818
49520
50381
51112
51689
52492
53295
54196
54962
55750
56477
57313
58068
58769
59566
nan
