791
1570
2411
3478
4389
5255
5970
6805
7641
8379
9056
9875
11009
11841
12995
13721
14588
15711
16623
17371
18199
19170
20241
21057
21938
23028
23738
24706
25788
26454
27459
28413
29136
30259
31011
31937
32779
33388
34208
34839
35468
36233
36741
37343
38170
38811
39389
40117
40677
41248
41996
42624
43268
43974
44776
45461
46016
46791
47749
48340
49199
49944
50579
51263
51975
52775
53576
54410
55158
56155
56970
57750
58454
59146
59829
