685
1471
2288
3103
3962
4713
5487
6275
7053
7826
8527
9364
10312
11115
11808
12775
13615
14394
15213
16012
16787
17578
18427
19156
19886
20805
21616
22416
23221
23860
24759
25392
26277
27049
27857
28522
29417
30322
30948
31748
32521
33184
34048
34767
35430
36202
36741
37445
38240
38949
39838
40553
41472
42190
42840
43716
44304
45017
45847
46599
47571
48355
49144
49943
50604
51548
52256
53208
53972
54769
55449
56384
57210
57946
58712
