884
1666
2480
3294
4119
4925
5694
6471
7245
8021
8819
9639
10456
11297
12147
12972
13799
14597
15414
16216
16978
17770
18564
19348
20164
20998
21811
22626
23423
24198
24960
25709
26470
27245
28041
28863
29678
30492
31283
32020
32750
33479
34193
34905
35626
36318
37041
37785
38514
39282
40032
40810
41615
42362
43112
43867
44603
45355
46136
46908
47692
48472
49281
50082
50894
51707
52518
53350
54157
54964
55765
56579
57399
58201
59042
