855
1485
2096
2703
3302
3906
4520
5135
5727
6334
6960
7601
8236
8847
9465
10093
10731
11371
11998
12628
13282
13933
14578
15215
15868
16536
17204
17837
18473
19118
19760
20403
21030
21647
22272
22907
23558
24207
24856
25495
26130
26771
27425
28075
28733
29367
30009
30631
31240
31835
32432
33036
33629
34226
34826
35440
36072
36697
37343
37969
38618
39266
39899
40536
41177
41799
42431
43066
43701
44338
44964
45578
46207
46845
47494
48141
48782
49410
50034
50687
51344
51997
52661
53310
54010
54685
55369
56032
56735
57426
58102
58761
59411
60061
