1163
1783
2395
2997
3600
4210
4816
5429
6032
6635
7267
7897
8532
9142
9764
10399
11027
11673
12304
12933
13587
14237
14880
15524
16176
16844
17506
18136
18778
19409
20063
20704
21333
21949
22581
23203
23855
24511
25155
25802
26432
27077
27724
28380
29038
29667
30307
30929
31520
32091
32619
33336
33918
34519
35122
35736
36365
36994
37640
38265
38908
39550
40197
40832
41475
42100
42733
43364
43996
44641
45261
45883
46504
47144
47797
48443
49077
49713
50340
50990
51639
52291
52965
53618
54306
54986
55672
56340
57037
57728
58399
59066
59723
60362
