195
786
1523
2119
2844
3401
4335
5058
5692
6198
7204
7800
8495
9281
9886
10480
11025
11732
12311
12904
13537
14101
14759
15463
16173
16901
17504
18124
18781
19272
19905
20517
21109
21690
22344
22910
23569
24259
24870
25525
26167
26786
27400
28045
28624
29402
30014
30502
31215
31799
nan
33008
33578
34165
34705
35261
35805
36347
36898
37504
37979
38521
39080
39642
40194
40752
41316
41888
42450
43017
43598
44169
44765
45377
45989
46588
47249
47775
48347
48895
49416
49963
50505
51121
51600
52165
52745
53317
53890
54449
55029
55607
56189
56744
57308
57865
58408
58951
59559
60029
60575
