379
1025
1634
2265
2994
3669
4493
5238
5889
6359
7363
8016
8749
9360
10021
10643
11262
11898
12468
13058
13696
14293
14907
15637
16336
17013
17659
18282
18889
19477
20053
20705
21257
21880
22476
23100
23805
24395
25066
25686
26305
26939
27583
28232
28873
29512
30140
30713
31339
31942
32582
33158
33739
34309
34862
35412
35956
36495
37038
37583
38120
38666
39215
39770
40330
40894
41458
42023
42582
43152
43723
44310
44907
45517
46125
46729
47323
47855
48454
49004
49549
50094
50603
51192
51746
52309
52841
53450
54019
54588
55131
55748
56328
56891
57447
58004
58548
59089
59593
60173
60722
