290
933
1584
2214
2901
3579
4402
5144
5839
6339
7275
7972
8659
9310
9930
10548
11172
11806
12418
13009
13605
14201
14821
15542
16242
16924
17573
18196
18800
19399
20004
20615
21208
21789
22384
23010
23718
24348
24970
25596
26216
26849
27495
28140
28781
29421
30053
30663
31291
31893
nan
33069
33648
34218
34775
35323
35866
36407
36948
37489
38032
38577
39128
39680
40242
40802
41367
41931
42495
43062
43633
44220
44819
45428
46038
46641
47234
47807
48367
48917
49460
50004
50555
51106
51657
52220
52793
53358
53931
54502
55083
55660
56232
56798
57359
57913
58460
59002
59544
60088
60636
