932
920
878
858
995
996
989
942
886
532
895
818
857
957
929
921
920
921
893
868
1011
979
958
947
970
915
896
910
905
864
793
868
885
897
983
978
929
799
879
1022
1003
979
933
892
902
914
876
801
787
951
857
875
932
939
937
938
946
945
941
938
940
946
940
937
936
939
941
946
943
942
951
947
944
942
940
938
933
891
920
967
945
919
880
979
963
918
903
967
952
921
907
948
947
940
927
946
946
941
908
942
941
