825
1533
2265
3020
3790
4563
5327
6092
6866
7652
8399
9126
9847
10588
11365
12166
12926
13689
14446
15169
15913
16669
17443
18205
18939
19686
20443
21205
21960
22708
23468
24242
25009
25806
26627
27454
28258
29059
29830
30600
31380
32144
32924
33745
34585
35342
36060
36771
37470
38189
38964
39790
40596
41388
42172
42951
43726
44484
45252
46038
46833
47628
48395
49147
49870
50596
51353
52129
52900
53711
54555
55379
56191
57022
57857
58647
59422
60203
