583
1443
2023
2805
3524
4304
5064
5823
6604
7386
8320
8888
9585
10365
11126
11905
12706
13425
14225
14905
15645
16405
17185
17945
18666
19426
20226
20945
21705
22445
23226
23985
24925
25565
26365
27406
28006
28826
29606
30345
31126
31906
32666
33506
34346
35107
35787
36551
37287
37988
38708
39549
40349
41149
41909
42689
43469
44250
45030
45770
46570
47371
48130
48912
49671
50372
51092
51873
52633
53453
54353
55113
55953
56753
57614
58394
59154
60056
