565
1424
2005
2786
3506
4286
5047
5807
6586
7367
8271
8870
9566
10347
11107
11887
12687
13406
14206
14886
15627
16386
17167
17928
18647
19408
20207
20927
21687
22427
23207
23967
24906
25547
26348
27388
27988
28807
29587
30327
31108
31888
32648
33488
34329
35089
35769
36527
37269
37969
38690
39531
40330
41131
41891
42671
43451
44232
45012
45752
46552
47353
48113
48894
49653
50353
51074
51854
52614
53435
54335
55095
55935
56736
57595
58375
59136
60036
