569
1116
2252
nan
3289
3649
4340
5313
6262
7110
7832
8484
9587
10443
11147
nan
12907
13565
14111
15015
15852
16678
17470
18531
19324
20169
nan
21884
22784
23611
24376
25234
25931
27053
27851
28707
29480
30338
31008
31731
32504
33124
33897
34269
35391
36001
36519
37400
38048
38692
39232
39905
40607
41133
41834
42447
42830
43533
43952
44846
45464
46134
46909
47569
48083
48891
49556
50323
51071
51691
52368
53116
53827
54587
55286
55920
56678
57410
58138
58909
59654
60403
61072
