224
699
1820
2539
nan
3484
3998
5096
5741
6757
7587
8055
9198
10034
10900
11889
12621
13064
14000
14597
15538
16298
17186
17999
18962
19664
20703
21513
22262
23292
23975
24843
25745
26520
27460
nan
29143
29855
30551
31321
32072
32722
33600
33936
34962
35686
36284
36973
37520
38278
38918
39624
40041
40819
41401
41904
42660
43280
43662
44444
45075
45642
46421
47042
47837
48442
49143
49837
50458
51379
52100
52718
53420
54040
54806
55578
56183
56839
57761
58341
59180
59852
60562
