173
658
1747
2506
nan
3372
3974
5043
5725
6734
7555
7982
9179
10020
10816
11866
12603
13048
13932
14563
15526
16258
17125
17959
18945
19644
20672
21485
22209
23232
23961
24832
25693
26515
27404
nan
29132
29813
30493
31305
32048
32679
33584
33898
34953
35591
36273
36895
37491
38190
38904
39594
40021
40793
41384
41887
42610
43271
43589
44413
45048
45627
46416
47027
47789
48373
49115
49811
50450
51368
52052
52691
53398
54030
54769
55542
56169
56816
57741
58322
59129
59821
60547
