826
1446
2327
2926
3625
4552
5286
6069
7031
7667
8664
9450
10248
10966
11586
12549
13349
14129
14990
15687
16605
17407
18165
18926
19708
20528
21304
21947
22866
23602
24429
25183
25985
26605
27425
28184
29024
29967
30562
31241
32086
32766
33206
34065
34645
35144
36004
36605
37385
37923
38643
39484
40002
40863
41465
42202
42905
43643
44585
45305
46105
46662
47626
48344
49141
49684
50364
51104
52025
52524
53525
54344
55206
55883
56765
57589
58365
59144
