529
530
532
541
547
530
536
537
534
531
533
531
523
530
531
541
535
555
548
534
549
540
528
524
534
534
536
530
536
536
534
530
531
535
532
534
534
523
537
534
526
534
531
537
531
536
534
540
529
544
542
536
544
531
531
543
537
525
519
520
535
530
540
529
534
536
532
532
537
531
532
534
538
538
534
538
542
532
535
530
537
534
541
536
540
534
542
541
531
542
538
535
535
537
542
532
540
525
530
544
543
531
535
535
532
540
540
535
531
529
527
528
535
535
531
535
537
