378
1097
2116
2742
3722
4506
5237
6117
6892
7703
8444
9227
10031
10715
11545
12523
13366
14237
14882
15870
16514
17539
18384
19055
19904
20535
21452
22232
23079
23943
24597
25330
26264
27074
27885
28461
29186
29987
30617
31106
31672
32323
32782
33511
34177
34782
35338
36141
36866
37618
38273
39045
39687
40277
40912
41448
42394
43021
43713
44535
45337
46168
46949
47715
48489
49177
49736
50764
51591
52293
52898
53865
54509
55396
56224
57031
