434
1294
2169
2995
3768
4563
5388
6186
6947
7748
8573
9297
10085
10956
11804
12579
13411
14275
15099
15927
16766
17596
18443
19238
19974
20710
21513
22292
23136
24011
24848
25581
26323
27134
27952
28683
29370
30039
30677
31282
31867
32442
33005
33571
34178
34834
35514
36204
36912
37655
38389
39103
39732
40343
40975
41725
42434
43159
43924
44733
45546
46319
47084
47841
48545
49230
49962
50814
51624
52347
53094
53915
54753
55528
56292
57080
