758
1614
2509
3328
4096
4902
5716
6365
7278
8029
8905
9627
10410
11258
12133
12898
13747
14604
15430
16257
17106
17873
18724
19577
20299
21035
21796
22624
23469
24339
25126
25897
26649
27462
28229
nan
29690
30202
31010
31576
32187
32782
33159
33898
34446
35139
35844
36518
37236
37996
38734
39413
40058
40658
41298
42057
42767
43493
44261
45058
45836
46659
47393
48177
48867
49554
50283
51133
51969
52657
53415
54250
55099
55854
56636
57412
