666
1520
2351
3214
3984
4753
5647
6322
7156
8011
8837
9565
10320
11147
12006
12754
13632
14538
15329
16182
16987
17854
18660
19455
20203
20926
21748
22560
23355
24284
25080
25659
26543
27367
28171
nan
29626
30154
30895
31531
32081
32699
33101
33837
34408
35095
35762
36473
37113
37876
38640
39346
39948
40619
41233
42002
42646
43400
44211
45010
45766
46547
47302
48114
48803
49500
50202
51082
51896
52615
53301
54173
55017
55770
56549
57343
