701
1512
2293
3087
3877
4646
5434
6205
6976
7771
8571
9348
10144
10940
11709
12516
13332
14127
14942
15735
16495
17267
18040
18772
19587
20373
21150
21935
22699
23401
24101
24859
25613
26371
27153
27928
28680
29436
30193
30910
31678
32437
33163
33924
nan
35460
36162
36919
37570
38258
39050
39737
40376
41118
41824
42547
43185
43974
44690
45305
46011
46765
47480
48093
48839
49544
50225
50870
51545
52307
53040
53728
54529
55339
56036
56845
57590
58363
59089
nan
