535
1354
1993
2917
3567
4465
5254
5897
6673
7460
8404
9191
9847
10639
11434
12343
13149
13828
14631
15443
16209
16977
17863
18606
19415
20189
20842
21768
22533
23224
23927
24695
25456
26087
26965
27765
28380
29170
29885
30751
31523
32269
32985
33765
34507
35283
35976
36756
37405
38092
38679
39408
40137
40895
41618
42318
42941
43737
44427
45153
45863
46559
47161
47943
48630
49315
50035
50602
51395
52095
52812
53566
54203
54979
55757
56615
57380
58032
58938
59552
