659
1233
1838
2456
3103
3837
4613
5321
6109
6923
7677
8355
9073
9820
10497
11119
11743
12574
13406
14087
14727
15426
16238
17024
17747
18465
19141
19843
20630
21390
22177
22995
23775
24568
25333
26058
26742
27386
28040
28723
29424
30239
31094
31800
32506
33167
33836
34518
35169
35803
36440
37079
37716
38350
38979
39588
40191
40812
41444
42079
42715
43362
44024
44665
45300
45950
46589
47201
47817
48443
49052
49643
50231
50837
51496
52205
52877
53530
54176
54816
55427
56012
56585
57154
57718
58334
59052
59682
60302
60918
61527
62143
62767
