937
1515
2122
2736
3387
4116
4900
5604
6397
7209
7960
8637
9360
10103
10780
11400
12017
12866
13689
14369
15012
15712
16523
17312
18031
18745
19426
20128
20919
21672
22463
23283
24061
24856
25617
26343
27027
27668
28322
29006
29707
30524
31374
32100
32789
33457
34129
34804
35457
36093
36729
37362
38001
38636
39263
39871
40473
41095
41721
42359
42995
43645
44308
44945
45582
46233
46870
47482
48104
48724
49327
49920
50509
51117
51781
52487
53156
53815
54458
55096
55699
56284
56859
57432
57993
58616
59331
59957
60584
61192
61805
62420
63043
