313
968
1579
2239
2980
3814
4644
5468
6290
7143
7983
8807
9631
10461
11299
12118
12869
13572
14361
15191
15974
16788
17628
18450
19269
20055
20890
21749
22594
23429
24220
25017
25851
26638
27447
28301
29126
29948
30775
31600
32252
32923
33561
34229
34896
35535
36145
36771
37417
38101
38812
39494
40193
40905
41629
42315
43001
43725
44494
45255
46043
46881
47689
48499
49313
50134
50954
51766
52572
53392
54204
54998
55833
56655
57472
58298
59125
59951
60771
