nan
800
1488
2128
2750
3496
4414
5142
6047
6962
7783
8600
9520
10135
11027
11803
12664
13445
14254
15088
15865
16537
17341
18206
18942
19969
20699
21416
22500
23196
24012
24738
25753
26396
27208
28171
28998
29817
30457
31505
32065
32758
33467
34103
34798
35413
36021
36668
37296
37976
38651
39331
39992
40716
41424
42225
42879
43627
44386
44961
45937
46561
47571
48314
49102
50011
50649
51469
52365
53089
54116
54894
55550
56489
57190
58047
58997
59773
60512
