587
1165
1818
2392
3056
3608
4323
5161
5899
6581
7166
7975
8618
nan
10602
11427
nan
nan
15186
nan
17008
nan
nan
nan
19889
20565
21377
22085
22801
23447
24043
24867
nan
26237
27006
27707
28396
29027
29837
30469
31327
32067
32737
33288
nan
34581
35020
nan
36303
36763
37320
nan
38482
nan
39477
40060
40638
nan
41760
42341
42836
43359
44118
44709
45400
45860
46520
46896
47890
48457
nan
49675
50355
51031
51754
52395
52995
53693
54248
54901
nan
56093
56732
57398
58200
58841
59509
60076
