797
1362
1952
2575
3217
3875
4564
5295
6020
6682
7347
8034
8889
10172
10834
11555
13025
nan
nan
16436
17143
17925
18589
19434
20108
20819
21528
22213
22935
23632
24313
nan
25753
26447
27151
27881
28550
29252
29992
30725
31588
32188
32963
33462
34140
34850
35360
35902
36459
37017
37606
nan
38640
39199
39714
40256
40796
41323
41878
42442
43023
43742
44236
44858
45476
46053
46674
47085
48015
48595
49247
49875
50545
51216
51861
52495
53127
53774
54386
55017
55664
56317
56959
57636
58318
58992
59620
60236
