964
1540
2131
2757
3395
4051
4739
5475
6196
6860
7529
8230
8951
10342
11008
11742
nan
nan
nan
16618
nan
18039
nan
19565
20289
21010
21721
22388
23117
23814
24517
nan
25942
26555
27338
28054
28729
29436
30040
30904
31647
32243
33042
nan
34326
nan
nan
35931
36611
37188
nan
nan
38836
39343
39903
40435
40971
41500
42049
42625
43091
43811
44416
45041
45644
46240
46848
47271
48135
48768
49407
50048
50723
51392
52040
52676
nan
53942
nan
55196
55853
56491
57141
57828
58503
59165
59797
nan
