894
1759
2524
3141
4240
5133
5944
6728
7685
8469
9277
10119
10975
11849
12649
13392
14267
15247
15972
16799
17778
18668
19485
20217
21167
22048
22826
23603
24489
25385
26251
27024
27905
28790
29577
30457
31180
32046
32858
33590
34296
35143
35898
36631
37396
38092
38909
39584
40387
41083
41873
42731
43472
44166
44990
45811
46604
47294
48153
48997
49797
50619
51492
52252
53144
54001
54722
55541
56300
57208
57940
58795
59637
nan
