724
1532
2291
3048
3898
4730
5533
6391
6923
7867
8657
9454
10266
11065
11850
12589
13393
14165
14911
15695
16265
17137
17915
18722
19544
20359
21149
21975
22797
23598
24389
25198
25731
26642
27401
28222
29019
29877
30743
31484
32286
33042
33797
34547
35283
36028
36742
37515
38242
38816
39673
40416
41152
41890
42603
43348
44045
44777
45313
46146
46878
47616
48361
49107
49842
50592
51350
51894
52762
53510
54258
55014
55724
56532
57287
58049
58814
59559
60303
61040
61624
62473
63202
63923
64657
65385
66089
nan
67228
nan
