269
1111
1897
2630
3490
4310
5153
5975
6561
7372
8098
9059
9851
10651
11438
12210
12866
13766
14539
15316
15685
16760
17554
18247
19139
19949
20779
21420
22300
23182
23913
24664
25376
26260
27038
27848
28508
29417
30268
31077
31807
32526
33396
34142
34884
35617
36358
36981
37837
38463
39267
40006
40746
41481
42209
42926
43490
44371
44959
45746
46475
47219
47955
48695
49440
50197
50946
51468
52358
53100
53857
54609
55367
56127
56885
57648
58405
59158
59905
60641
61280
62062
62792
63535
64135
64826
65648
66072
nan
67719
