296
1017
1819
2914
3878
4560
5458
6322
7103
7904
8684
9464
10265
11145
12186
12807
13667
14547
15428
16288
17129
17969
18769
19630
20470
21290
22131
22951
23711
24471
25292
26331
26952
27792
28692
29532
30373
31233
32054
32874
33634
34414
35234
36035
36895
37996
38916
39637
40817
41478
42358
43179
43999
44860
45680
46441
47221
48001
48742
49522
50343
51203
52023
52864
53663
54504
55305
56105
56885
57685
58486
59266
60087
60887
61667
62447
63228
64029
64889
65709
66530
67330
68131
68951
69732
70552
71333
72153
72973
73755
74575
75435
76276
77056
77817
78658
