716
1389
2038
2654
3288
3984
4770
5548
6296
7015
7665
9014
9746
10469
11190
11941
12700
13464
14184
14958
15734
16507
17226
17913
18620
19339
20071
20754
21409
22092
22834
23644
24434
25161
25885
26616
27329
28041
28719
29422
30174
30971
31757
32458
33116
33753
34361
34951
35531
36121
36726
37341
37941
38523
39099
39677
40258
40843
41419
41988
42579
43196
43856
44522
45172
45853
46559
47296
48032
48713
49374
50032
50696
51396
52070
52727
53395
54097
54830
55570
56269
56997
57751
58514
59224
59892
60549
61212
61904
