902
1582
2083
nan
3501
4201
5001
5741
6498
7217
nan
9217
9958
10678
11395
12132
12854
13695
14375
15253
nan
16731
17368
18135
18913
19613
20272
20973
21632
22211
22873
23832
24654
25331
26109
26852
27491
28248
28925
29650
30388
31189
31968
32666
33268
33971
34550
35190
35810
36329
36889
37549
38131
38749
nan
39987
40408
41048
41628
42188
nan
43369
44068
44748
45388
nan
46665
47587
48246
48928
nan
nan
51007
51548
52287
52948
nan
nan
nan
55786
nan
nan
57947
58725
59426
60086
60746
nan
nan
