334
942
1547
2187
2910
3708
4569
5428
6268
7067
7826
8508
9229
10031
10868
11709
12571
nan
13393
14229
15053
15892
16733
17555
18352
19145
19968
20809
21673
22513
23334
24120
24871
25636
26432
27293
28175
29090
29993
30876
31719
32449
nan
nan
34416
35071
35716
36339
36969
37620
38253
38919
39579
40207
40792
41379
41961
42556
nan
43892
44597
45219
45880
46554
47317
48158
49000
49834
50637
51345
51978
52598
53234
53924
54746
55600
56455
57256
58040
58844
59660
