479
1194
1930
2667
3401
4146
4927
5722
6537
7345
8133
8901
9626
10345
11060
11766
12483
13187
13890
14600
15327
16078
16828
17579
18321
19067
19790
20504
21193
21887
22565
23243
23929
24628
25322
26038
26761
27513
28280
29049
29808
30548
31278
31987
32691
33340
33997
34647
35326
36027
36727
37441
38164
38909
39638
40345
41037
41718
42388
43055
43702
44341
44979
45628
46284
46958
47639
48321
49029
49755
50492
51235
51970
52704
53446
54179
54908
55619
56310
56986
57660
58341
59037
59742
60478
61209
