625
1397
2053
2785
3531
4287
5067
5866
6677
7479
8272
9018
9758
10490
11200
11907
12603
13316
14017
14738
15471
16212
16965
17714
18463
19199
19926
20647
21325
22026
22770
23442
24063
24764
25463
26176
26901
27648
28414
29189
29945
30684
31472
32114
32813
33466
34121
34775
35464
36164
36866
37644
38370
39047
39767
40483
41184
41867
42590
43182
43836
44488
45127
45722
46416
47099
47768
48463
49167
49859
50599
51369
52113
52847
53594
54326
55108
55754
56449
57130
57800
58341
59175
59875
60612
61345
