990
1742
2506
3264
4046
4836
5643
6461
7240
7962
8640
9304
9991
10720
11576
12510
13514
14526
15493
16400
17266
18078
18834
19561
20270
20971
21671
22348
23020
23711
24436
25209
26009
26843
27689
28547
29381
30198
31022
31846
32635
33448
33838
34298
35126
35941
36724
37483
38220
38944
39650
40327
40999
41657
42303
42931
43555
44176
44788
45396
46003
46614
47227
47852
48482
49125
49786
50473
51165
51866
52568
53269
53953
54636
55330
56031
56735
57427
58110
58794
59482
60164
60858
