482
1420
2201
3014
3800
4651
5418
6345
7204
8109
9042
9913
10771
11637
12375
13182
14257
15275
16210
17074
18011
18675
19596
20445
21463
22082
23089
23891
24752
25573
26385
27406
28401
29345
30292
31307
31984
32880
33777
34434
35261
35975
36573
37268
38175
38899
39514
40327
40857
41771
42330
43079
43959
44797
45529
46293
46882
47681
48655
49458
50215
51022
51807
52631
53374
54189
55023
55835
56446
57267
58235
58916
59935
60822
