767
1579
2369
3159
3958
4810
5689
6511
7356
8247
9181
10065
10919
11809
12684
13519
14410
15433
16358
17230
18119
19023
19925
20759
21610
22414
23216
24041
24905
25752
26621
27552
28530
29465
30442
31418
32317
33136
33925
34665
35398
36092
36819
37550
38315
39035
39754
40478
41206
41949
42673
43418
44180
44924
45682
46457
47219
47987
48801
49591
50375
51152
51965
52741
53522
54325
55169
55985
56784
57573
58395
59220
60080
60963
