681
1491
2280
3082
3847
4719
5603
6422
7271
8164
9095
9973
10828
11725
12590
13434
14321
15336
16276
17142
18038
18937
19845
20671
21436
22332
23129
23953
24821
25666
26529
27466
28442
29383
30357
31327
32223
33036
33817
34575
35308
36024
36737
37471
38218
38953
39675
40389
41117
41846
42590
43331
44082
44843
45590
46363
47134
47897
48710
49506
50282
51068
51866
52657
53444
54245
55087
55902
56689
57496
58297
59144
59994
60871
