1080	1098	1109	1202	1215	1232	1298	1277	1532	1554	1560	510	465	605	481	518
1992	2006	2016	2112	2086	2143	2175	2187	2473	2478	2496	511	472	588	484	518
2838	2851	2871	2959	2936	2991	3051	3029	3241	3307	3328	512	462	599	489	520
3708	3725	3747	3832	3808	3862	3927	3910	4057	4175	4194	509	461	611	485	519
4632	4682	4691	4781	4758	4811	4901	4849	5134	5139	5168	508	462	610	483	518
5620	5631	5642	5735	5711	5766	5815	5811	6053	6087	6094	512	472	595	486	523
6493	6507	6521	6611	6586	6641	6698	6679	6916	6956	6973	511	461	571	486	519
7104	7121	7130	7420	7394	7451	7494	7508	7733	7772	7792	516	466	591	490	541
7961	7967	7981	8229	8206	8261	8295	8313	8577	8584	8619	511	463	595	479	518
8935	8950	8967	9146	9122	9177	9222	9213	9485	9494	9517	509	467	608	483	518
10005	10020	10033	10124	10136	10155	10217	10197	10420	10476	10511	510	466	607	485	520
10988	11002	11028	11102	11083	11136	11182	11172	11452	11466	11496	510	469	600	483	521
11899	11913	11923	12011	11995	12050	12109	12090	12368	12388	12409	511	472	585	484	519
12759	12773	12793	12875	12850	12906	12950	12970	13190	13218	13254	510	468	592	488	518
13620	13634	13647	13735	13712	13765	13842	13807	13991	14099	14129	510	464	607	483	519
14357	14368	14380	14604	14615	14635	14677	14676	14893	14959	14967	509	465	604	483	519
15409	15427	15444	15531	15544	15561	15617	15602	15869	15881	15902	508	465	603	483	521
16341	16358	16376	16451	16436	16491	16532	16546	16786	16810	16823	508	476	589	485	515
17276	17288	17307	17361	17337	17392	17476	17439	17726	17741	17772	510	467	603	485	520
18139	18160	18175	18381	18392	18412	18490	18450	18630	18730	18749	509	464	607	484	520
19279	19295	19306	19397	19375	19428	19484	19468	19752	19764	19780	510	467	603	483	520
20249	20264	20274	20370	20346	20400	20456	20446	20711	20726	20747	510	474	588	484	518
21190	21203	21215	21308	21285	21339	21444	21388	21658	21676	21731	508	466	602	481	520
22004	22018	22039	22281	22292	22311	22370	22354	22637	22654	22693	509	467	604	482	520
23188	23203	23217	23263	23237	23294	23334	23349	23577	23617	23636	511	475	588	481	517
24050	24063	24074	24166	24142	24197	24264	24243	24516	24521	24544	510	469	598	487	518
24978	24992	25008	25097	25074	25127	25172	25186	25447	25459	25494	509	468	604	480	522
25900	25911	25924	26017	25993	26047	26081	26094	26350	26365	26371	511	474	587	485	521
26754	26767	26779	26862	26847	26904	26977	26943	27191	27231	27251	510	469	588	486	521
27502	27514	27530	27753	27729	27784	27832	27815	28097	28110	28151	510	468	607	484	521
28575	28590	28606	28693	28707	28724	28789	28759	29044	29048	29103	511	467	611	480	521
29586	29600	29612	29705	29720	29737	29803	29773	29994	30069	30082	509	467	605	480	519
30566	30581	30609	30676	30661	30716	30774	30753	31040	31046	31064	509	473	592	487	520
31280	31294	31302	31569	31554	31609	31676	31664	31948	31964	32004	510	471	590	487	519
32135	32158	32187	32422	32441	32462	32551	32518	32792	32798	32815	511	467	572	483	514
33111	33124	33145	33221	33206	33257	33332	33302	33592	33607	33639	511	472	578	486	513
33898	33911	33926	33981	33964	34011	34059	34080	34363	34384	34413	513	474	584	485	515
34388	34396	34413	34678	34697	34716	34783	34763	35042	35071	35092	517	473	580	487	514
35067	35077	35092	35352	35335	35388	35453	35433	35672	35719	35761	516	473	598	484	516
35894	35930	35946	36037	36009	36066	36127	36103	36369	36391	36397	513	454	594	479	516
36399	36412	36425	36709	36687	36736	36805	36786	37003	37062	37075	517	471	609	481	517
37078	37085	37115	37384	37368	37415	37476	37464	37715	37740	37757	516	473	588	480	512
37919	37934	37948	38030	38014	38061	38107	38100	38369	38391	38430	518	475	574	488	510
38367	38381	38390	38658	38642	38694	38755	38744	39005	39036	39051	514	472	582	485	513
39168	39182	39192	39287	39264	39316	39377	39361	39590	39626	39642	515	471	601	482	515
39717	39736	39771	39918	39895	39946	39998	39985	40294	40311	40329	515	466	605	481	515
40418	40433	40447	40540	40517	40567	40676	40607	40939	40954	40969	517	470	608	483	514
40937	40955	40969	41176	41161	41208	41259	41251	41566	41577	41594	515	472	590	483	513
41700	41714	41726	41807	41791	41844	41906	41892	42112	42169	42187	514	475	580	489	512
42316	42334	42348	42437	42414	42467	42528	42509	42796	42801	42814	515	467	589	485	512
42968	42988	43017	43084	43061	43113	43170	43152	43416	43440	43466	514	464	611	481	516
43534	43547	43572	43827	43804	43856	43960	43891	44142	44188	44211	515	466	607	480	515
44531	44549	44562	44637	44621	44668	44721	44715	44953	44997	45010	511	471	603	483	516
45145	45159	45176	45414	45399	45452	45505	45495	45787	45793	45813	512	472	581	486	512
45929	45943	45964	46205	46182	46234	46298	46276	46570	46579	46593	512	471	607	481	515
47011	47024	47032	47072	47051	47103	47196	47141	47436	47452	47487	509	470	612	482	517
47675	47689	47701	47983	47967	48018	48077	48062	48310	48357	48394	509	470	608	480	515
48530	48541	48553	48828	48815	48862	48926	48911	49199	49207	49234	512	471	578	486	512
49515	49531	49545	49626	49603	49656	49712	49699	49942	49980	49986	512	472	597	482	514
50168	50183	50224	50411	50393	50444	50504	50483	50772	50790	50810	512	472	601	483	513
50883	50890	50903	51183	51167	51214	51257	51277	51549	51567	51579	513	472	595	484	514
51704	51711	51723	51927	51911	51964	52005	52018	52277	52307	52328	514	475	582	487	512
52375	52398	52416	52644	52621	52673	52727	52714	52992	53004	53023	514	469	596	485	516
53115	53124	53144	53356	53334	53386	53448	53418	53598	53634	53643	513	465	606	486	506
53813	53823	53858	54102	54080	54130	54180	54188	54421	54458	54468	514	472	603	482	513
54671	54686	54700	54879	54856	54907	54974	54954	55211	55250	55267	511	471	596	485	512
55396	55411	55425	55641	55625	55679	55753	55727	55996	56015	56028	515	471	573	487	512
56264	56290	56311	56379	56355	56408	56492	56456	56730	56749	56763	512	471	606	483	515
56838	56856	56886	57134	57111	57163	57244	57202	57462	57499	57517	514	469	605	484	516
57829	57865	57880	57960	57938	57989	58052	58040	58321	58341	58365	509	466	601	484	514
58521	58539	58556	58784	58769	58815	58872	58860	59137	59150	59162	513	475	582	485	517
59259	59274	59288	59553	59540	59593	59629	59640	59902	59908	59925	513	473	576	487	514
60259	60271	60288	60324	60301	60354	60413	60395	60674	60689	60735	511	470	603	484	519
