1202
2112
2959
3832
4781
5735
6611
7420
8229
9146
10124
11102
12011
12875
13735
14604
15531
16451
17361
18381
19397
20370
21308
22281
23263
24166
25097
26017
26862
27753
28693
29705
30676
31569
32422
33221
33981
34678
35352
36037
36709
37384
38030
38658
39287
39918
40540
41176
41807
42437
43084
43827
44637
45414
46205
47072
47983
48828
49626
50411
51183
51927
52644
53356
54102
54879
55641
56379
57134
57960
58784
59553
60324
61157
