1232
2143
2991
3862
4811
5766
6641
7451
8261
9177
10155
11136
12050
12906
13765
14635
15561
16491
17392
18412
19428
20400
21339
22311
23294
24197
25127
26047
26904
27784
28724
29737
30716
31609
32462
33257
34011
34716
35388
36066
36736
37415
38061
38694
39316
39946
40567
41208
41844
42467
43113
43856
44668
45452
46234
47103
48018
48862
49656
50444
51214
51964
52673
53386
54130
54907
55679
56408
57163
57989
58815
59593
60354
61187
