1560
2496
3328
4194
5168
6094
6973
7792
8619
9517
10511
11496
12409
13254
14129
14967
15902
16823
17772
18749
19780
20747
21731
22693
23636
24544
25494
26371
27251
28151
29103
30082
31064
32004
32815
33639
34413
35092
35761
36397
37075
37757
38430
39051
39642
40329
40969
41594
42187
42814
43466
44211
45010
45813
46593
47487
48394
49234
49986
50810
51579
52328
53023
53643
54468
55267
56028
56763
57517
58365
59162
59925
60735
nan
