1532
2473
3241
4057
5134
6053
6916
7733
8577
9485
10420
11452
12368
13190
13991
14893
15869
16786
17726
18630
19752
20711
21658
22637
23577
24516
25447
26350
27191
28097
29044
29994
31040
31948
32792
33592
34363
35042
35672
36369
37003
37715
38369
39005
39590
40294
40939
41566
42112
42796
43416
44142
44953
45787
46570
47436
48310
49199
49942
50772
51549
52277
52992
53598
54421
55211
55996
56730
57462
58321
59137
59902
60674
nan
