740
1356
1984
2685
3342
4063
4746
5374
6033
6710
7385
8070
8707
9342
9985
10632
11316
11969
12565
13221
13913
14585
15173
15759
16503
17177
17833
18505
19146
19765
20440
21123
21788
22428
23132
23769
24453
25074
25770
26416
27076
27635
28361
29029
29586
30220
30954
31628
32210
32871
33527
34201
34807
35458
36117
36770
37393
38056
38736
39395
40070
40808
41312
41953
42612
43208
nan
44417
45063
45613
46318
46882
47545
48215
48946
49411
50207
50674
51276
51987
52617
53200
53832
54436
55150
55752
56355
56996
