642
1294
1953
2631
3303
3984
4656
5339
6004
6672
7335
7994
8652
9312
9958
10604
11253
11898
12551
13192
13845
14498
15153
15751
16450
17102
17756
18411
19067
19735
20405
21060
21733
22387
23052
23720
24387
25051
25717
26381
27029
27628
28338
28980
29578
30214
30898
31543
32173
32820
33472
34112
34757
35420
36080
36703
37367
38038
38678
39340
39975
40609
41244
41859
42538
43117
43630
44322
45013
45586
46245
46845
47523
48118
48750
49364
50006
50618
51228
51904
52524
53150
53762
54419
55044
55702
56319
56960
