513
518
516
513
517
517
517
514
521
517
515
518
519
516
517
519
516
514
518
517
515
514
517
518
515
516
518
524
514
519
517
518
520
518
518
513
518
517
519
519
507
518
517
516
516
519
534
532
510
514
517
534
532
526
515
522
520
521
519
520
521
525
521
520
521
520
512
518
525
517
515
521
519
520
525
522
521
518
525
518
517
524
519
518
519
525
515
522
519
518
523
520
521
514
524
518
527
517
521
519
513
