483
488
488
483
483
483
486
484
487
486
480
487
487
483
482
482
482
480
487
486
481
483
485
487
479
484
484
489
480
485
486
482
485
485
487
483
482
480
483
495
484
483
485
486
479
485
496
479
465
480
457
488
488
482
481
488
488
483
480
482
485
483
477
477
483
485
472
482
486
474
483
490
481
475
481
490
481
487
491
487
481
487
487
480
483
485
479
482
485
476
484
479
490
483
483
486
488
480
480
484
476
