760
1535
2248
2941
3710
4428
5155
5870
6639
7398
8088
8924
9575
10340
11049
11778
12506
13246
14001
14747
15475
16209
16961
17708
18391
19137
19945
20571
21258
21991
22740
23435
24185
24901
25666
26361
27045
27718
28409
29076
29790
30417
31147
31845
32565
33278
33905
34664
35408
36040
36763
37461
38021
38640
39278
39901
40590
41231
41926
42630
43211
43956
44571
45263
45913
46616
47252
47916
48667
49312
50067
50729
51418
52124
52790
53509
54137
54847
55528
56190
56881
57615
58290
58997
59707
60446
61141
61820
62566
63249
63984
64691
65293
65968
66736
67360
67932
68674
69361
69989
nan
