514
510
516
516
512
515
514
515
514
516
515
513
513
513
514
513
515
510
515
515
514
516
513
512
515
512
515
512
515
514
513
513
514
511
513
520
516
515
512
520
517
512
513
514
512
515
527
508
508
530
519
520
527
512
521
514
519
515
516
514
515
515
509
521
518
521
512
515
522
518
518
516
513
520
516
517
510
521
518
519
520
525
518
517
515
518
519
523
515
521
515
515
519
516
522
519
515
519
516
513
