391
1133
1867
2620
3353
4055
4821
5510
6266
7040
7777
8472
9191
9933
10655
11326
12151
12893
13559
14391
15122
15865
16597
17332
18036
18744
19455
20192
20898
21628
22364
23082
23804
24525
25292
25985
26564
27358
28043
28728
29439
30076
30778
31489
32200
32927
33673
34293
35066
35598
36349
37020
37651
38338
38942
39577
40273
40903
41564
42235
42786
43555
44229
44884
45555
46258
46821
47595
48278
49013
49683
50373
51050
51724
52423
53083
53844
54514
55189
55906
56546
57229
57960
58625
59370
60107
60817
61479
62162
62771
63435
64206
64916
65623
66333
66996
67629
68282
68999
69716
70306
