378
1118
1852
2604
3324
4039
4802
5497
6243
7021
7763
8459
9182
9911
10637
11308
12128
12879
13546
14376
15105
15846
16578
17316
18015
18729
19442
20176
20886
21610
22345
23064
23784
24513
25266
25964
26547
27348
28025
28707
29422
30062
30764
31468
32183
32913
33656
34258
35052
35584
36326
37007
37631
38322
38934
39565
40258
40890
41551
42218
42774
43540
44209
44869
45538
46220
46809
47580
48266
48987
49670
50357
51038
51712
52408
53071
53831
54493
55177
55891
56532
57216
57946
58614
59356
60092
60802
61460
62151
62760
63420
64193
64899
65610
66309
66971
67609
68268
68987
69702
70296
