1156
1818
nan
3566
4360
5097
5955
6799
7658
8368
9258
10075
nan
11837
12675
13463
14374
15193
15934
16816
17778
18494
nan
20174
21058
21946
22767
23537
nan
25176
25992
nan
27613
28515
29229
30219
30989
31677
32618
33319
34176
34898
35636
nan
37139
37858
38495
39177
39957
40758
41439
42218
42936
43637
nan
45118
45776
46636
47297
nan
nan
49435
50136
51013
51649
52474
53214
53992
54711
55533
56252
56971
57712
58371
59123
59991
