891
1716
nan
3304
4112
5004
5824
6667
7428
8232
9012
9871
nan
11629
12533
13369
14149
15024
15845
16727
17531
18370
nan
20050
20887
21786
22536
23326
nan
24990
25846
nan
27482
28363
29212
30008
30824
31545
32348
33129
33889
34649
35369
nan
36871
37588
38331
39028
39768
40469
41210
41924
42648
43387
nan
44927
45604
46324
47044
nan
nan
49242
50025
50724
51440
52205
52964
53764
54484
55248
55983
56744
57501
58240
58959
59742
