216
1013
1685
2384
3227
3914
4792
5483
6247
7091
7849
8586
9294
10006
10633
11255
11925
12649
13473
14158
nan
15809
16449
17226
17944
18731
19405
20061
20709
21269
22130
22871
23453
24319
24930
25773
26487
27168
27868
28582
29326
29959
30643
nan
32083
nan
33417
34011
34724
35364
36010
36563
37281
37899
nan
39099
39703
40340
40883
41499
42030
42588
43263
43959
44534
45260
45788
46508
47106
47746
48448
49118
49700
50346
50966
51557
52145
52738
53318
53877
54457
55076
55763
56361
56925
57634
58287
58826
59532
60156
60812
61437
62015
62652
63252
