619
1164
1917
2682
3459
4204
4980
5822
6739
7270
nan
8782
9537
10271
11032
11525
12341
12979
13679
14574
nan
15939
16834
17603
18259
19077
19679
20309
21049
21568
22543
23201
nan
24532
25236
25957
26732
27370
28078
28840
29498
30240
30912
31258
nan
33093
33627
nan
34950
35616
36214
36903
37706
38061
38728
39369
40031
40653
41123
nan
42431
43132
43725
44189
nan
nan
46110
nan
47586
48246
48730
49493
nan
nan
51389
51971
nan
52949
53634
54213
54747
55360
56013
56714
57218
58054
58571
nan
nan
60548
nan
61623
nan
62892
63493
