645
1218
1946
2705
3489
4273
5040
5854
6767
7359
nan
8857
9572
10300
11044
11530
12348
13057
13692
14606
nan
16045
16845
17626
18329
19154
19701
20329
21070
21642
22546
23218
nan
24557
25323
26048
26756
27400
28140
28848
29549
30244
30971
31320
nan
33112
33649
nan
34968
35628
36269
36919
37717
38139
38768
39382
40058
40714
41144
nan
42464
43146
43732
44233
nan
nan
46144
nan
47610
48265
48742
49519
nan
nan
51393
51977
nan
52970
53677
54224
54771
55377
56042
56744
57236
58074
58617
nan
nan
60568
nan
61674
nan
62900
63510
