602
1405
2177
2829
3542
4302
4987
5724
6366
7111
7705
8405
9166
9868
10569
11282
11942
12610
13249
13936
14614
15271
15969
16670
17261
18022
18611
19357
20011
20671
21259
22057
22749
23473
24185
24872
25477
26227
26874
27522
28196
28837
29614
30288
30893
31762
32416
32956
33583
34191
34794
35370
35935
36513
37081
37656
38260
38810
39399
39939
40490
41039
41593
42133
42717
43220
43774
44352
45019
45718
46256
47059
47760
48465
49021
49813
50523
51184
51798
52508
53039
53753
54581
55132
55922
56523
57246
57998
58652
59265
nan
60603
