758
1489
2215
2915
3625
4337
5069
5776
6460
7161
7867
8569
9251
9951
10651
11349
11999
12665
13335
14017
14685
15355
16046
16752
17443
18107
18779
19445
20088
20746
21432
22140
22862
23558
24264
24955
25645
26310
26956
27608
28288
28987
29672
30375
31104
31812
32482
33112
33714
34305
34883
35454
36021
36595
37169
37752
38325
38893
39460
40021
40574
41122
41670
42214
42752
43297
43848
44431
45097
45790
46459
47139
47837
48540
49220
49887
50566
51244
51900
52565
53245
53942
54618
55308
56001
56698
57397
58079
58732
59378
nan
60659
