1035
1800
2724
3513
4478
5237
6032
6776
7619
8490
9316
10249
11109
11969
12851
13655
14508
15360
16229
17114
18029
18821
19729
20608
21418
22294
23174
23918
24801
25690
26500
27375
28070
28962
29757
30601
31368
32041
32744
33432
34121
34873
35493
36107
36831
37410
38036
38711
39368
39985
40603
41242
41882
42471
43105
43718
44354
44990
45614
46363
46966
47627
48298
49109
49694
50516
51104
51868
52391
53016
53649
54269
54918
55562
56181
56818
57454
58083
58714
59351
60004
60640
