658	670	680	737	717	759	769	808	1035	1056	1086	512	447	670	454	531
1535	1547	1567	1600	1581	1621	1633	1668	1800	1891	1902	510	451	675	457	533
2365	2375	2383	2460	2442	2481	2519	2533	2724	2747	2761	514	454	694	446	534
3185	3197	3208	3313	3295	3335	3348	3391	3513	3604	3627	515	463	699	444	529
4095	4110	4117	4194	4176	4215	4228	4263	4478	4491	4498	510	449	673	460	531
4873	4887	4901	4962	4943	4981	4995	5052	5237	5260	5267	516	444	648	463	530
5492	5506	5522	5726	5708	5747	5760	5814	6032	6042	6055	522	455	690	449	531
6267	6291	6303	6505	6487	6527	6584	6577	6776	6788	6800	513	451	696	449	524
7090	7101	7117	7327	7309	7349	7435	7401	7619	7629	7642	503	449	695	445	531
7939	7944	7971	8191	8172	8212	8300	8265	8490	8503	8529	518	452	703	452	530
8977	8987	9000	9073	9054	9095	9156	9163	9316	9346	9377	512	455	692	453	526
9843	9863	9876	9961	9942	9982	10041	10051	10249	10260	10281	509	451	693	453	529
10756	10769	10783	10828	10809	10850	10944	10902	11109	11120	11135	511	454	689	451	526
11429	11438	11449	11689	11671	11711	11780	11762	11969	11996	12018	511	451	690	449	526
12470	12486	12503	12540	12522	12561	12638	12618	12851	12867	12885	512	449	684	451	528
13186	13193	13207	13376	13357	13398	13478	13454	13655	13668	13684	510	450	685	453	524
13951	13958	13967	14211	14193	14232	14308	14298	14508	14519	14527	512	452	683	455	529
14968	14988	15000	15068	15049	15090	15148	15159	15360	15375	15396	514	453	688	452	527
15703	15713	15726	15954	15935	15975	16040	16033	16229	16239	16244	512	455	693	453	527
16758	16771	16781	16845	16826	16867	16923	16912	17114	17136	17149	512	453	698	455	529
17648	17672	17685	17739	17721	17761	17835	17816	18029	18037	18052	510	452	697	450	526
18364	18385	18400	18617	18597	18639	18712	18690	18821	18901	18920	511	458	689	451	532
19414	19428	19441	19495	19477	19517	19577	19567	19729	19771	19790	518	450	696	450	532
20259	20278	20294	20337	20318	20359	20407	20427	20608	20622	20637	511	457	696	448	528
20927	20945	20958	21183	21161	21204	21279	21262	21418	21457	21465	515	447	703	447	526
21773	21783	21802	22025	22004	22047	22092	22107	22294	22313	22325	515	451	699	446	529
22709	22729	22739	22845	22823	22866	22909	22923	23174	23176	23183	512	439	689	456	525
23400	23413	23430	23657	23637	23678	23736	23728	23918	23930	23943	514	442	678	457	528
24391	24428	24451	24489	24470	24510	24524	24561	24801	24811	24832	515	457	716	445	532
25078	25102	25119	25345	25326	25368	25464	25418	25690	25703	25713	504	431	707	426	531
26017	26033	26044	26230	26212	26254	26306	26320	26500	26519	26536	525	459	720	454	527
26983	26999	27012	27072	27054	27094	27169	27154	27375	27394	27419	517	444	687	460	528
27621	27635	27648	27872	27853	27894	27904	27941	28070	28156	28165	517	451	700	452	529
28408	28424	28444	28679	28660	28700	28712	28755	28962	28980	29001	516	450	735	439	527
29370	29383	29389	29500	29481	29521	29562	29580	29757	29780	29798	514	451	728	438	526
30046	30057	30071	30311	30293	30334	30423	30382	30601	30613	30627	524	443	710	439	524
30982	30996	31010	31126	31107	31144	31175	31217	31368	31386	31400	542	451	684	457	546
31622	31634	31652	31831	31813	31853	31879	31910	32041	32098	32107	525	453	659	460	523
32292	32311	32337	32541	32521	32564	32644	32620	32744	32823	32845	523	456	726	444	530
32945	32979	32992	33229	33211	33253	33324	33297	33432	33497	33515	513	432	712	422	508
33790	33819	33832	33899	33881	33922	33950	33978	34121	34158	34188	535	480	753	490	539
34363	34376	34402	34554	34535	34576	34667	34625	34873	34883	34914	511	443	686	435	535
35084	35102	35114	35217	35201	35240	35301	35311	35493	35505	35526	527	473	755	462	527
35672	35681	35691	35886	35868	35910	36029	35962	36107	36161	36197	519	462	741	450	521
36369	36373	36406	36549	36531	36573	36682	36625	36831	36847	36865	517	450	721	448	519
37093	37119	37135	37200	37183	37223	37297	37279	37410	37469	37478	518	450	701	457	521
37637	37647	37662	37852	37835	37875	37954	37931	38036	38123	38137	514	455	723	444	519
38293	38321	38354	38498	38481	38521	38608	38572	38711	38766	38781	515	455	716	456	520
39042	39068	39093	39141	39124	39164	39234	39213	39368	39409	39452	514	452	709	456	519
39591	39606	39640	39778	39761	39801	39827	39857	39985	40047	40073	519	447	684	456	519
40329	40335	40364	40402	40386	40426	40451	40478	40603	40664	40711	515	444	674	455	526
40932	40948	40957	41028	41011	41050	41126	41099	41242	41294	41307	516	454	697	456	524
41450	41463	41472	41654	41637	41676	41772	41728	41882	41908	41915	516	452	700	454	522
42190	42205	42219	42280	42264	42304	42373	42354	42471	42547	42589	517	451	692	460	521
42814	42833	42860	42903	42887	42926	42951	42981	43105	43162	43193	515	442	677	458	515
43434	43450	43477	43523	43506	43546	43571	43595	43718	43781	43794	515	448	683	465	531
44081	44094	44143	44145	44127	44168	44289	44219	44354	44401	44439	523	463	704	468	526
44691	44704	44717	44780	44763	44803	44886	44854	44990	45041	45070	528	447	729	444	523
45201	45226	45235	45416	45398	45439	45464	45490	45614	45670	45682	516	452	678	464	521
45857	45872	45897	46073	46056	46095	46191	46150	46363	46375	46386	514	452	695	447	508
46535	46559	46591	46733	46716	46755	46859	46804	46966	46996	47013	508	461	731	457	548
47217	47234	47290	47416	47399	47439	47510	47488	47627	47670	47706	524	450	747	442	519
47909	47921	47939	48107	48090	48130	48155	48184	48298	48366	48388	518	443	689	456	521
48559	48573	48579	48801	48784	48824	48882	48872	49109	49127	49140	518	454	691	441	526
49401	49414	49429	49495	49477	49518	49612	49577	49694	49749	49785	603	453	752	454	534
49907	49922	49932	50172	50156	50196	50221	50270	50516	50526	50551	515	449	729	439	541
50727	50738	50750	50870	50851	50892	50915	50911	51104	51114	51129	543	479	681	511	564
51375	51388	51404	51524	51506	51548	51572	51565	51868	51877	51895	529	469	648	498	507
52089	52113	52135	52170	52154	52195	52221	52260	52391	52421	52463	522	470	702	478	526
52641	52652	52679	52812	52795	52837	52896	52885	53016	53073	53088	512	458	743	452	520
53253	53268	53284	53453	53436	53476	53571	53532	53649	53711	53734	516	457	731	450	519
53891	53904	53913	54088	54070	54110	54186	54161	54269	54348	54373	525	454	704	456	515
54552	54562	54589	54721	54704	54744	54814	54803	54918	54983	55010	520	459	658	466	518
55187	55193	55215	55357	55340	55380	55459	55431	55562	55619	55652	515	459	689	466	521
55710	55765	55773	55982	55966	56004	56080	56058	56181	56238	56260	513	454	679	459	524
56408	56432	56483	56610	56593	56632	56725	56684	56818	56869	56887	518	458	685	458	525
57155	57168	57177	57243	57226	57265	57344	57315	57454	57500	57512	513	454	691	457	520
57808	57821	57834	57872	57855	57895	57976	57948	58083	58128	58163	521	457	691	462	521
58418	58442	58467	58510	58494	58532	58630	58583	58714	58767	58798	516	457	698	461	524
59056	59091	59111	59149	59132	59171	59261	59225	59351	59404	59437	514	457	697	459	523
59522	59588	59617	59793	59777	59816	59898	59869	60004	60045	60078	517	460	701	466	521
60265	60278	60304	60438	60421	60461	60532	60513	60640	60692	60715	510	451	691	460	523
