769
1633
2519
3348
4228
4995
5760
6584
7435
8300
9156
10041
10944
11780
12638
13478
14308
15148
16040
16923
17835
18712
19577
20407
21279
22092
22909
23736
24524
25464
26306
27169
27904
28712
29562
30423
31175
31879
32644
33324
33950
34667
35301
36029
36682
37297
37954
38608
39234
39827
40451
41126
41772
42373
42951
43571
44289
44886
45464
46191
46859
47510
48155
48882
49612
50221
50915
51572
52221
52896
53571
54186
54814
55459
56080
56725
57344
57976
58630
59261
59898
60532
