833	845	854	1029	1018	1047	1070	1109	1331	1339	1351	522	491	670	469	529
1571	1581	1594	1798	1785	1818	1839	1874	2090	2096	2110	521	482	685	467	535
2312	2322	2331	2568	2557	2586	2613	2652	2868	2881	2890	530	479	695	455	532
3110	3119	3130	3334	3322	3354	3377	3429	3609	3636	3648	522	476	698	448	521
3833	3860	3870	4102	4088	4121	4150	4173	4413	4430	4453	536	496	711	464	522
4729	4740	4754	4869	4858	4889	4915	4949	5169	5184	5208	536	475	706	447	532
5475	5500	5510	5645	5631	5663	5695	5728	5949	5959	5969	526	491	730	452	531
6270	6287	6309	6427	6417	6446	6473	6507	6729	6742	6749	523	456	690	440	543
6990	7001	7012	7209	7199	7229	7253	7287	7489	7502	7509	538	498	741	463	529
7889	7901	7916	7987	7977	8007	8034	8072	8270	8284	8292	523	487	720	462	555
8649	8658	8670	8766	8755	8784	8812	8849	9071	9078	9089	515	476	711	448	532
9372	9398	9410	9541	9526	9560	9581	9611	9852	9868	9889	521	481	692	454	524
10149	10162	10171	10310	10299	10331	10355	10407	10610	10626	10649	520	482	711	462	535
10810	10820	10830	11067	11056	11086	11112	11148	11371	11381	11389	529	479	724	449	541
11531	11539	11550	11819	11805	11840	11871	11891	12108	12128	12150	527	479	747	447	536
12425	12438	12450	12583	12570	12602	12629	12668	12888	12895	12908	514	488	737	460	540
13229	13239	13248	13348	13337	13368	13391	13428	13651	13657	13670	525	481	680	475	524
13830	13838	13849	14119	14103	14139	14171	14207	14430	14438	14449	527	483	740	449	538
14830	14841	14848	14906	14894	14925	14952	14988	15131	15212	15229	526	487	768	446	534
15568	15578	15589	15689	15678	15707	15733	15753	15969	15980	15992	522	479	695	467	537
16293	16319	16330	16461	16446	16480	16501	16531	16748	16764	16770	528	491	691	466	530
17087	17102	17109	17246	17232	17264	17293	17329	17551	17555	17568	527	479	742	442	539
17751	17757	17769	18032	18020	18054	18077	18129	18326	18346	18352	515	470	734	448	539
18531	18540	18552	18815	18803	18834	18855	18891	19111	19120	19130	523	484	669	471	527
19429	19443	19449	19591	19580	19609	19634	19690	19873	19884	19891	513	477	672	474	531
20205	20220	20230	20362	20342	20381	20436	20448	20674	20690	20709	535	496	702	456	529
21069	21078	21088	21133	21122	21155	21176	21210	21430	21437	21454	528	488	720	462	543
21630	21639	21648	21919	21904	21940	21965	21990	22209	22231	22252	509	478	744	451	537
22529	22540	22550	22689	22679	22708	22736	22768	22992	23004	23009	524	484	698	456	539
23291	23317	23328	23457	23446	23478	23499	23531	23752	23766	23789	524	491	713	461	526
24087	24099	24109	24245	24232	24264	24293	24313	24551	24556	24570	521	486	735	452	527
24887	24900	24910	25045	25033	25065	25092	25130	25351	25357	25371	511	472	757	444	532
25610	25618	25629	25847	25836	25865	25893	25928	26127	26150	26168	523	489	711	464	534
26350	26359	26370	26636	26624	26656	26677	26709	26930	26946	26972	523	494	684	474	528
27270	27282	27291	27434	27422	27455	27478	27507	27750	27759	27770	525	483	713	459	532
28088	28100	28110	28244	28231	28263	28291	28313	28527	28545	28553	520	476	746	460	539
28991	29001	29008	29057	29046	29078	29101	29147	29350	29361	29369	517	498	737	463	527
29630	29640	29654	29860	29846	29878	29898	29931	30131	30144	30151	515	510	684	483	592
30489	30499	30510	30648	30638	30666	30693	30747	30992	31001	31010	562	492	679	473	496
31348	31361	31368	31425	31414	31444	31472	31511	31731	31745	31750	507	465	694	443	538
32067	32081	32091	32191	32181	32213	32236	32268	32449	32505	32551	537	518	763	511	576
32688	32694	32707	32959	32944	32980	33006	33032	33247	33272	33288	547	483	752	454	523
33469	33478	33489	33724	33713	33744	33770	33808	33987	34031	34049	523	486	752	442	544
34229	34238	34248	34496	34482	34518	34540	34568	34809	34817	34829	532	480	767	436	563
34988	34997	35007	35272	35260	35295	35317	35347	35568	35584	35609	534	481	782	443	551
35888	35901	35908	36050	36039	36070	36094	36088	36349	36369	36387	527	476	743	514	525
36683	36696	36706	36832	36821	36856	36878	36908	37127	37150	37169	524	506	799	474	607
37352	37355	37367	37630	37619	37652	37674	37669	37925	37950	37969	485	431	732	475	534
38284	38293	38306	38429	38418	38450	38473	38506	38726	38738	38748	518	476	754	449	540
39066	39078	39088	39222	39212	39240	39265	39289	39528	39532	39546	523	491	754	453	542
39728	39736	39746	40016	39999	40037	40060	40088	40327	40334	40346	524	484	767	444	550
40708	40715	40726	40814	40799	40835	40857	40888	41104	41127	41147	525	486	778	446	543
41307	41316	41326	41599	41587	41619	41642	41667	41908	41917	41927	519	479	731	450	543
42128	42136	42145	42385	42375	42406	42430	42465	42687	42701	42706	525	484	756	452	564
43024	43035	43045	43168	43157	43189	43212	43207	43462	43492	43508	509	465	768	524	541
43786	43797	43807	43943	43933	43961	43987	44024	44248	44260	44266	519	469	734	445	537
44565	44575	44585	44708	44697	44730	44752	44747	45006	45023	45046	523	475	751	526	546
45186	45195	45205	45471	45459	45494	45516	45547	45765	45791	45805	533	482	783	449	550
46083	46095	46105	46235	46221	46255	46277	46306	46547	46559	46565	524	480	759	443	542
46826	46854	46865	46989	46977	47011	47033	47028	47308	47313	47325	518	473	738	520	538
47605	47616	47626	47759	47739	47779	47804	47843	48066	48073	48085	521	479	771	439	548
48246	48254	48264	48524	48513	48545	48569	48605	48825	48845	48864	522	475	766	451	545
48987	48994	49005	49282	49271	49301	49326	49364	49586	49594	49605	530	478	742	451	548
49885	49897	49906	50041	50031	50061	50085	50126	50346	50362	50384	525	471	758	448	542
50505	50514	50524	50802	50792	50823	50847	50883	51104	51117	51124	529	468	768	446	550
51266	51273	51285	51560	51550	51580	51605	51643	51866	51874	51884	528	480	756	449	541
52026	52035	52045	52321	52311	52341	52366	52403	52624	52638	52644	522	476	748	449	547
52943	52955	52965	53094	53079	53115	53137	53167	53406	53410	53425	524	479	770	444	551
53721	53735	53745	53870	53857	53892	53914	53946	54164	54186	54204	524	481	774	447	540
54346	54355	54365	54643	54633	54663	54687	54724	54945	54963	54986	525	475	739	451	538
55126	55133	55145	55415	55398	55436	55459	55486	55703	55729	55744	524	479	759	444	544
56042	56055	56064	56193	56179	56214	56236	56231	56462	56509	56525	522	482	765	521	542
56686	56694	56704	56979	56959	56999	57023	57065	57286	57295	57305	527	477	766	449	553
