691
1430
2233
3077
3896
4716
5540
6330
7120
7925
8716
9495
10271
11035
11793
12576
13358
14142
14930
15768
16584
17374
18148
18905
19663
20442
21276
22105
22904
23700
24474
24960
25939
26630
27373
28227
29141
30113
31114
31961
32767
33537
34286
35028
35763
36511
37249
37967
38689
39401
40105
40788
41471
42156
42835
43504
44185
44868
45560
46254
46942
47617
48297
48978
49655
50331
51023
51718
52407
53092
53774
54450
55121
55793
56459
57121
57786
58446
59093
59748
60405
