784
1518
2317
3157
3987
4794
5627
6418
7202
8006
8921
9588
10354
11134
11884
12668
13442
14221
15027
15857
16674
17458
18244
18996
19757
20529
21362
22204
22993
23792
24556
25048
25981
26671
27463
28313
29233
30197
31271
32004
32854
33625
34377
35114
35849
36596
37331
38063
38769
39488
40192
40872
41558
42244
42936
43593
44277
44956
45646
46339
47020
47703
48378
49071
49753
50419
51114
51813
52501
53176
53872
54538
55208
55886
56548
57204
57874
58532
59184
59827
60494
