803
1620
2442
3262
4057
4876
5707
6530
7357
8161
8952
9776
10639
11523
12396
13258
14073
14893
15741
16591
17453
18283
19100
19948
20799
21640
22464
23262
24072
24891
25727
26577
27428
28236
29061
29893
30727
31499
32294
33074
33832
34583
35319
36054
36796
37526
38247
38966
39686
40412
41149
41884
42603
43328
44066
44801
45546
46275
46990
47727
48465
49201
49929
50661
51400
52153
52909
53672
54436
55182
55928
56684
57431
58181
58915
59656
