583
1343
1963
2604
3243
3862
4502
5102
5702
6441
6881
7481
8141
8800
9297
10062
10618
11356
12018
12743
13538
14159
14759
15319
15982
16519
17254
17828
18604
19280
19740
20357
21039
21659
22279
22879
23498
24179
24799
25558
26319
27099
28038
28739
29619
30239
31039
31879
32819
33459
34419
35258
36119
36979
37699
38459
39259
40060
40859
41778
42719
43418
44238
45218
45858
46718
47497
48217
49015
49837
50701
51238
51957
52597
53237
53956
54676
55336
56036
56776
57536
