1085
1786
2445
3085
3724
4364
4964
5584
6223
6823
7423
8003
8583
9221
9821
10444
11157
11880
12542
13200
13882
14520
15182
15780
16398
17079
17728
18343
19023
19622
20261
20880
21521
nan
nan
23381
24000
24661
25321
26082
nan
27621
28421
29201
30002
30781
31582
32381
33201
34001
34802
35621
36501
37361
38221
38961
39821
40501
41401
42280
43060
43920
44740
45581
46400
47181
47959
48740
49515
50276
51034
51759
52419
53099
53779
54479
55158
55838
56559
57318
58058
