400
1072
1757
2364
3007
3607
4297
5002
5870
6704
7527
8341
9170
9986
10743
11497
12271
12998
13760
14477
15186
15911
16582
17316
17961
18685
19438
20177
20928
21666
22455
23226
23944
24752
25499
26257
26985
27704
28413
29130
29843
30521
31215
31884
32484
33192
33865
34489
35118
35821
36480
37157
37865
38544
nan
39880
40528
41197
41827
42458
43076
nan
44244
44826
45410
45978
46626
47318
48026
nan
49567
50481
51088
51820
52503
53173
53838
54477
55131
55771
56421
57145
57901
58569
59261
59883
60535
61195
