nan	198	219	283	259	308	400	363	484	545	581	519	448	687	452	532
843	880	902	968	946	994	1072	1054	1168	1233	1284	517	444	710	451	531
1397	1411	1438	1619	1598	1645	1757	1697	1825	1888	1925	515	444	727	447	530
2145	2163	2191	2251	2229	2277	2364	2328	2454	2519	2558	517	447	734	444	530
2754	2786	2813	2879	2857	2905	3007	2950	3069	3148	3178	519	443	732	444	526
3310	3323	3346	3506	3483	3532	3607	3583	3701	3770	3801	518	448	714	447	529
3894	3921	3942	4153	4132	4179	4297	4229	4359	4422	4437	519	439	740	443	528
4745	4787	4819	4877	4856	4904	5002	4956	5070	5154	5166	516	441	742	445	526
5624	5635	5652	5712	5691	5739	5870	5786	5914	5983	6017	516	446	733	445	529
6460	6473	6489	6546	6524	6572	6704	6620	6771	6811	6857	518	454	724	448	530
7257	7291	7313	7374	7352	7401	7527	7454	7577	7642	7679	517	445	717	447	531
8089	8129	8152	8209	8188	8236	8341	8284	8419	8483	8519	517	444	735	443	532
8963	8970	8988	9046	9025	9073	9170	9129	9261	9317	9350	519	450	736	446	528
9711	9752	9771	9832	9811	9859	9986	9912	10039	10101	10133	516	445	702	451	536
10484	10515	10541	10603	10583	10631	10743	10677	10809	10881	10913	519	444	737	441	530
11102	11125	11156	11369	11348	11396	11497	11448	11569	11644	11671	513	441	731	442	527
12007	12035	12040	12130	12108	12156	12271	12211	12334	12403	12426	517	446	728	445	530
12786	12801	12818	12881	12859	12907	12998	12967	13071	13150	13186	516	447	711	449	529
13523	13535	13548	13611	13589	13638	13760	13687	13813	13884	13917	516	444	717	447	532
14217	14259	14280	14341	14320	14367	14477	14417	14545	14614	14630	516	442	733	445	530
14926	14983	14998	15063	15041	15089	15186	15137	15294	15335	15367	515	445	737	443	530
15504	15516	15524	15769	15746	15794	15911	15847	16011	16036	16072	521	448	721	443	527
16367	16380	16400	16465	16443	16492	16582	16549	16675	16735	16761	519	447	725	446	531
17036	17079	17097	17161	17140	17188	17316	17236	17365	17430	17455	519	452	732	444	529
17729	17762	17772	17853	17831	17879	17961	17933	18050	18119	18158	519	449	717	448	532
18435	18473	18496	18560	18539	18586	18685	18641	18755	18833	18863	515	440	739	444	526
19157	19206	19222	19284	19263	19311	19438	19356	19490	19555	19579	518	448	730	441	527
19903	19947	19963	20026	20004	20051	20177	20100	20241	20289	20309	521	450	729	444	529
20649	20692	20709	20773	20751	20799	20928	20853	20968	21038	21085	516	449	706	451	534
21409	21454	21478	21537	21516	21564	21666	21613	21740	21807	21839	517	440	736	441	531
22192	22235	22254	22314	22294	22342	22455	22394	22520	22588	22623	516	444	731	446	528
22971	23018	23037	23100	23079	23127	23226	23178	23303	23367	23393	520	450	718	447	529
23755	23779	23802	23861	23839	23887	23944	23937	24057	24128	24170	516	444	707	451	532
24488	24538	24556	24617	24596	24644	24752	24694	24697	24894	24918	516	439	740	441	528
25248	25288	25310	25370	25349	25397	25499	25450	25569	25644	25683	517	443	733	444	530
26001	26048	26066	26124	26104	26152	26257	26206	26325	26395	26403	515	448	733	444	525
26742	26781	26801	26866	26844	26891	26985	26939	27070	27135	27197	518	446	723	448	530
27498	27513	27529	27593	27571	27619	27704	27673	27796	27866	27895	519	449	732	446	532
28179	28220	28242	28305	28283	28331	28413	28382	28511	28576	28616	519	448	732	445	527
28876	28923	28942	29006	28984	29031	29130	29090	29215	29275	29309	518	445	732	442	529
29574	29610	29637	29703	29681	29729	29843	29779	29903	29973	30021	519	449	738	448	529
30144	30152	30173	30401	30378	30426	30521	30486	30621	30667	30698	517	448	726	446	528
30988	31002	31023	31090	31067	31115	31215	31170	31296	31359	31399	517	440	713	449	528
31587	31599	31627	31786	31762	31811	31884	31866	31980	32059	32080	528	434	751	425	519
32241	32256	32276	32441	32424	32468	32484	32481	32683	32699	32725	526	465	673	607	547
32904	32929	32942	33146	33139	33153	33192	33205	33353	33371	33379	525	595	645	470	549
33588	33601	33614	33749	33726	33786	33865	33831	33989	34018	34024	539	427	663	453	521
34299	34307	34320	34382	34360	34410	34489	34466	34626	34654	34689	518	432	692	459	524
34935	34945	34957	35022	35000	35050	35118	35102	35225	35304	35325	516	434	725	443	527
35432	35451	35459	35682	35662	35711	35821	35766	35882	35958	35970	516	433	739	439	528
36232	36275	36298	36360	36339	36389	36480	36436	36439	36637	36673	517	447	742	442	527
36787	36796	36809	37045	37026	37074	37157	37131	37214	37321	37348	518	452	746	441	526
37618	37635	37659	37725	37705	37753	37865	37800	37924	37997	38015	518	452	735	446	528
38270	38313	38334	38398	38378	38426	38544	38478	38549	38683	38707	517	445	743	443	527
38970	38985	39024	39073	39053	39101	nan	39150	nan	nan	nan	518	449	744	443	525
39617	39665	39677	39743	39723	39772	39880	39826	39950	40018	40035	515	453	743	443	525
40151	40160	40187	40408	40388	40436	40528	40480	40492	40680	40717	520	453	741	447	526
40946	40984	41008	41055	41037	41085	41197	41133	41290	41329	41335	519	454	750	443	527
41613	41634	41647	41692	41672	41719	41827	41762	41899	41964	41982	518	444	748	442	525
42102	42117	42130	42309	42289	42335	42458	42384	42508	42573	42603	524	437	716	449	527
42724	42737	42786	42911	42892	42939	43076	42988	43106	43184	43212	517	442	726	449	523
43305	43316	43327	43507	43487	43534	nan	43581	nan	nan	nan	521	442	728	450	527
43854	43861	43920	44096	44077	44124	44244	44169	44299	44374	44410	521	448	736	447	524
44503	44514	44558	44685	44665	44713	44826	44765	44885	44958	44977	518	450	740	446	527
45030	45035	45053	45280	45259	45307	45410	45350	45476	45549	45565	519	449	736	446	523
45647	45659	45684	45887	45866	45913	45978	45966	46088	46150	46190	520	445	725	448	527
46300	46311	46331	46515	46494	46541	46626	46587	46709	46788	46805	519	438	729	448	527
46974	46981	47005	47181	47161	47208	47318	47260	47389	47465	47471	518	436	734	447	527
47767	47813	47826	47887	47867	47915	48026	47970	48192	48209	48249	517	439	729	448	525
48391	48401	48425	48644	48624	48671	nan	48722	nan	nan	nan	515	442	719	446	531
49306	49349	49364	49423	49401	49449	49567	49503	49625	49695	49718	515	441	705	451	530
50119	50132	50147	50204	50184	50232	50481	50284	50414	50488	50499	517	441	716	449	540
50737	50751	50781	50993	50973	51021	51088	51070	51272	51281	51310	512	438	717	445	534
51658	51667	51682	51740	51716	51777	51820	51830	51971	52008	52052	523	423	663	455	534
52217	52227	52247	52459	52456	52466	52503	52517	52654	52679	52692	515	606	637	463	532
53016	53026	53045	53085	53063	53112	53173	53118	53298	53347	53394	520	435	665	640	527
53629	53636	53657	53713	53691	53741	53838	53787	53920	53990	54008	514	432	708	449	528
54210	54248	54258	54338	54318	54367	54477	54414	54640	54653	54711	517	434	747	439	527
54784	54798	54834	54970	54950	54999	55131	55047	55267	55291	55356	519	437	756	436	527
55388	55398	55416	55628	55608	55656	55771	55709	55904	55937	55949	518	439	767	438	523
56052	56061	56076	56311	56291	56339	56421	56386	56518	56588	56604	522	440	740	441	526
56787	56798	56815	57017	56998	57046	57145	57090	57319	57335	57351	516	434	747	444	526
57504	57514	57536	57747	57727	57775	57901	57821	57939	58026	58033	519	438	743	442	524
58199	58207	58238	58450	58430	58478	58569	58531	58659	58726	58745	517	440	745	441	527
58855	58868	58908	59112	59092	59140	59261	59194	59322	59383	59409	522	444	750	442	525
