484
1168
1825
2454
3069
3701
4359
5070
5914
6771
7577
8419
9261
10039
10809
11569
12334
13071
13813
14545
15294
16011
16675
17365
18050
18755
19490
20241
20968
21740
22520
23303
24057
24697
25569
26325
27070
27796
28511
29215
29903
30621
31296
31980
32683
33353
33989
34626
35225
35882
36439
37214
37924
38549
nan
39950
40492
41290
41899
42508
43106
nan
44299
44885
45476
46088
46709
47389
48192
nan
49625
50414
51272
51971
52654
53298
53920
54640
55267
55904
56518
57319
57939
58659
59322
59960
60598
61133
