283
968
1619
2251
2879
3506
4153
4877
5712
6546
7374
8209
9046
9832
10603
11369
12130
12881
13611
14341
15063
15769
16465
17161
17853
18560
19284
20026
20773
21537
22314
23100
23861
24617
25370
26124
26866
27593
28305
29006
29703
30401
31090
31786
32441
33146
33749
34382
35022
35682
36360
37045
37725
38398
39073
39743
40408
41055
41692
42309
42911
43507
44096
44685
45280
45887
46515
47181
47887
48644
49423
50204
50993
51740
52459
53085
53713
54338
54970
55628
56311
57017
57747
58450
59112
59757
60404
61054
