491
1266
1992
2676
3350
4032
4742
5486
6293
7110
7888
8628
9369
10100
10794
11490
12232
12943
13648
14352
15090
15829
16630
17492
18374
19243
20077
20885
21672
22453
23219
23975
24774
25624
26488
27331
28163
28987
29806
30660
31481
32237
32966
33729
34524
35395
36323
37203
38014
38797
39584
40347
41117
41869
42612
43344
44038
44704
45366
46006
46642
47295
47989
48723
49472
50189
50905
51625
52359
53101
53849
54589
55321
56025
56697
57364
58059
58859
