779
1555
2278
2964
3616
4314
5014
5784
6595
7435
8151
8911
9651
10371
11028
11783
12528
13226
13926
14626
15365
16105
16904
17765
18644
19503
20365
21165
21964
22722
23503
24242
25062
25901
26760
27600
28440
29259
30078
30938
31757
32497
33237
33995
34794
35670
36593
37448
38272
39090
39889
40628
41445
42168
42933
43605
44303
44967
45646
46285
46904
47564
48264
49002
49742
50462
51181
51901
52641
53359
54139
54879
55577
56277
56958
57638
58338
nan
