796
1575
2297
3011
3648
4332
5052
5816
6613
7453
8189
8930
9668
10407
11048
11807
12566
13245
13944
14644
15384
16124
16945
17805
18683
19545
20382
21202
22001
22762
23520
24261
25079
25919
26799
27638
28458
29277
30096
30976
31795
32514
33275
34014
34832
35691
36632
37471
38312
39108
39906
40647
41467
42205
42972
43650
44345
44984
45664
46323
46942
47602
48302
49021
49761
50481
51220
51920
52658
53399
54159
54898
55618
56317
56976
57677
58355
nan
