559
1318
2054
2811
3405
4092
4794
5537
6351
7161
7950
8690
9430
10150
10852
11546
12287
13006
13706
14406
15145
15885
16683
17545
18425
19303
20128
20944
21722
22505
23281
24023
24823
25680
26541
27381
28219
29039
29858
30715
31537
32295
33017
33777
34574
35451
36373
37255
38068
38848
39630
40407
41167
41928
42667
43394
44090
44761
45425
46064
46702
47344
48044
48782
49523
50242
50959
51680
52418
53159
53900
54639
55377
56079
56757
57417
58115
nan
