446
1224
1947
2629
3307
3986
4698
5442
6248
7065
7844
8582
9322
10056
10751
11443
12186
12898
13601
14309
15044
15785
16588
17448
18331
19198
20033
20839
21629
22409
23174
23931
24730
25579
26444
27288
28117
28943
29762
30613
31436
32192
32922
33685
34481
35349
36279
37159
37969
38754
39540
40301
41073
41824
42567
43300
43994
44659
45320
45960
46596
47252
47945
48676
49430
50146
50860
51581
52313
53055
53807
54546
55276
55981
56652
57321
58013
58813
