216
994
1701
2418
3113
3808
4394
5199
5876
6567
7268
7973
8643
9350
10047
10738
11438
12019
12850
13570
14278
15010
15730
16433
17128
17830
18521
19197
19893
20599
21290
21982
22697
23419
24000
24792
25484
26187
26858
27537
28206
28889
29558
30236
30929
31612
32295
33005
33612
34453
35180
35884
36619
37096
37783
38538
39197
39845
40510
41176
41833
42490
43158
43815
44483
45140
45804
46342
47019
47760
48409
49071
49610
50370
51031
51691
52335
52890
53654
54309
54857
55656
56316
56979
57656
58321
58991
59527
60321
60981
61650
