445
1136
1841
2557
3253
3953
4648
5338
6017
6708
7407
8106
8789
9485
10183
10878
11570
12283
12999
13706
14419
15149
15873
16573
17273
17972
18664
19341
20036
20741
21433
22128
22840
23553
24244
24935
25630
26324
27000
27674
28350
29027
29694
30380
31071
31755
32438
33148
33879
34594
35323
36026
36695
37352
38017
38681
39337
39990
40654
41319
41977
42635
43297
43957
44616
45276
45940
46597
47248
47897
48548
49204
49855
50503
51158
51817
52472
53124
53781
54444
55117
55784
56447
57115
57786
58454
59123
59791
60453
61117
61784
