885
1666
2301
3020
3678
4534
5184
5857
6588
7324
8013
8738
9358
10049
10912
11534
nan
12957
13715
14367
15088
15832
16625
17350
18201
18849
19575
20447
21121
21864
22630
23306
24038
24727
25420
26130
26926
27516
28072
28767
29462
30073
30775
31429
32189
32799
33343
34056
34586
35152
35802
36364
36988
37675
nan
nan
39499
40075
40661
41216
41799
42394
42942
43500
nan
44559
45206
45787
46386
nan
nan
nan
49064
nan
nan
nan
nan
nan
nan
nan
nan
nan
56116
56756
57376
nan
nan
59383
nan
