1013
1724
2428
3154
3880
4606
5330
6063
6788
7462
8180
8858
9525
10231
10962
11714
12428
13131
13825
14528
15247
15991
16756
17503
18251
19002
19746
20499
21258
22020
22793
23517
24186
24883
25561
26314
27042
27688
28318
28965
29596
30241
30964
31580
32242
32874
33494
34099
34713
35279
35922
36552
37152
37802
nan
nan
39622
40201
40798
41357
41952
42499
43078
43631
nan
44737
45337
45927
46512
nan
nan
nan
49208
nan
nan
nan
nan
nan
nan
nan
nan
nan
56190
56952
57585
nan
nan
59522
nan
