nan
976
1653
2400
3158
3802
4632
5337
6162
6936
7575
8462
9269
10103
10978
11739
12616
13456
14163
15085
15840
16554
17482
18331
19163
20158
20917
21949
22784
23674
24423
25205
26085
26904
27687
28547
29370
30106
30947
31727
32467
33194
33925
34584
35326
36157
36807
37673
38407
38995
39900
40434
41319
42060
42763
43493
44355
45030
45917
46668
47523
48360
49324
50059
50854
51921
52587
53751
54513
55346
56481
57440
58170
59258
