666
1403
2189
3009
3851
4669
5478
6302
7155
8030
8905
9788
10703
11617
12446
13285
14136
15000
15926
16900
17864
18772
19659
20498
21266
21996
22698
23372
24023
24687
25360
26058
26840
27670
28493
29344
30218
31093
31934
32723
33478
34239
35029
35871
36707
37557
38493
39446
40347
41232
42106
42918
43726
44548
45403
46244
47021
47768
48470
49195
49917
50739
51605
52473
53358
54156
54933
55681
56404
57074
57745
58424
59125
59817
60526
61283
62067
62877
63643
64416
65180
65932
66688
