994
1734
2514
3335
4175
4977
5798
6638
7477
8358
9218
10120
11041
11921
12761
13621
14462
15321
16262
17222
18192
19104
19983
20844
21564
22324
23024
23708
24323
25025
25686
26386
27166
28007
28807
29668
30548
31427
32268
33048
33788
34568
35369
36209
37009
37890
38810
39833
40671
41571
42431
43251
44052
44892
45733
46573
47354
48095
48775
49515
50256
51075
51937
52797
53697
54458
55258
56019
56740
57380
58059
58760
59460
60142
60861
61622
62402
63202
63978
64740
65520
66263
67022
