720
1288
1852
2425
3000
3571
4127
4681
5241
5814
6391
6949
7487
8014
8544
9092
9665
10229
10800
11382
11981
12591
13182
13780
14388
15005
15605
16179
16745
17308
17874
18427
18974
19521
20073
20618
21143
21660
22169
22685
23213
23762
24312
24850
25386
25927
26479
27040
27582
28118
28657
29199
29742
30278
30813
31359
31928
32463
32999
33521
34047
34570
35085
35584
36075
36564
37052
37543
38039
38529
39015
39503
39994
40493
41005
41516
42022
42530
43043
43569
44106
44631
45152
45673
46197
46729
47256
47769
48281
48794
49321
49864
50400
50937
51334
52036
52573
53112
53637
54161
54685
55226
55788
56341
56902
57473
58063
58665
59240
59805
60358
60912
