246
760
1199
1780
2292
2806
3299
3820
4323
4836
5341
5851
6305
6874
7386
7886
8395
8902
9402
9919
10426
10947
11458
11975
12494
13011
13525
14040
14549
15064
15585
16100
16612
17126
17641
18152
18667
19184
19703
20219
20735
21251
21768
22285
22811
23325
23848
24369
24894
25418
25958
26494
27034
27575
28121
28654
29192
29719
30254
30796
nan
31821
32280
32846
33367
33873
34380
34820
35399
35898
36410
36902
37326
37900
38396
38895
39395
39878
40360
40869
41355
41836
42323
42739
43294
43779
44305
44739
45207
45625
46175
46665
47148
47630
48107
48602
49084
49551
50045
50531
51018
51501
51991
52469
52958
53439
53930
54421
54896
55366
55864
56342
56818
57301
57780
58258
58730
59202
59681
60154
60630
