454
1345
1987
2622
3245
3849
nan
5058
5723
6471
7189
7956
8749
9526
10246
10928
11596
12279
12997
13762
14536
15280
15986
16692
17425
18207
18570
19028
19751
20454
nan
21876
22587
23286
23956
24602
nan
25925
26653
nan
28177
28920
29671
30421
31144
31870
32569
nan
33901
34538
35174
35818
36470
37128
37781
38430
39104
39836
40580
41282
nan
42624
43298
nan
44602
45240
45901
46581
47245
47893
nan
49259
nan
50592
51247
51904
52544
53168
nan
54380
54995
55635
56309
57011
57711
58411
59089
59771
60479
