800
1745
2659
3577
4487
5377
6251
7099
7946
8798
9615
10447
10842
11293
12138
12950
13792
14617
15438
16311
17198
18036
18848
19658
20498
21316
22119
22952
23768
24599
25512
26379
27320
28213
29145
29587
30036
30863
31647
32539
33138
33901
34643
35413
36167
36916
37654
38405
39173
39931
40762
41506
42280
43063
43841
44643
45469
46329
47176
48112
49010
49909
50797
51684
52492
53317
54149
54957
55788
56629
57477
58335
59178
59995
