613	632	651	726	704	753	812	800	1029	1050	1093	524	383	763	464	537
1532	1556	1572	1653	1628	1682	1756	1745	1974	1990	2003	527	392	741	465	538
2449	2482	2505	2570	2547	2597	2649	2659	2861	2885	2896	518	399	723	458	526
3363	3385	3398	3477	3452	3507	3562	3577	3762	3808	3821	524	403	711	457	543
4289	4303	4344	4396	4377	4425	4475	4487	4733	4747	4770	524	408	713	455	530
5165	5183	5194	5283	5261	5312	5356	5377	5538	5570	5582	531	400	726	457	528
6046	6063	6072	6165	6140	6193	6261	6251	6517	6525	6546	524	403	716	457	528
6894	6921	6940	7015	6993	7046	7108	7099	7330	7348	7367	534	408	729	458	536
7741	7779	7800	7865	7850	7898	7951	7946	8172	8193	8213	544	409	728	457	532
8604	8618	8631	8709	8688	8736	8788	8798	9004	9015	9028	527	414	713	459	530
9311	9324	9335	9540	9516	9567	9622	9615	9893	9905	9930	516	399	706	458	531
10262	10281	10286	10379	10356	10408	10479	10447	10688	10708	10717	541	393	721	458	551
10685	10706	10717	10823	10809	10831	10867	10842	11125	11133	11149	553	521	532	432	519
10910	10916	10933	11213	11193	11244	11269	11293	11502	11530	11537	526	396	688	447	533
11933	11953	11970	12048	12031	12080	12122	12138	12423	12428	12444	546	418	719	456	533
12765	12779	12790	12880	12857	12907	12954	12950	13253	13271	13285	528	412	716	471	531
13433	13443	13455	13705	13683	13736	13755	13792	14034	14039	14054	532	415	698	459	524
14420	14434	14443	14538	14518	14566	14588	14617	14890	14899	14914	530	399	727	461	530
15267	15281	15295	15366	15343	15393	15448	15438	15666	15700	15711	531	393	734	463	540
15940	15949	15964	16229	16206	16255	16341	16311	16533	16552	16566	515	409	709	473	524
16807	16829	16840	17108	17083	17131	17159	17198	17379	17392	17405	520	430	683	463	532
17875	17888	17902	17941	17924	17973	17995	18036	18260	18265	18278	536	436	681	447	527
18638	18653	18663	18758	18742	18788	18839	18848	19062	19077	19089	537	432	701	466	522
19471	19487	19496	19578	19557	19609	19667	19658	19915	19922	19937	518	403	711	458	523
20217	20230	20241	20415	20393	20443	20514	20498	20780	20791	20800	520	409	701	457	526
21115	21139	21147	21236	21216	21265	21347	21316	21533	21557	21576	527	414	727	462	529
21929	21955	21976	22042	22022	22068	22126	22119	22394	22400	22419	519	409	708	460	527
22743	22773	22790	22859	22838	22887	22933	22952	23187	23208	23263	523	408	711	460	531
23561	23591	23607	23675	23653	23703	23759	23768	23953	23993	24004	522	416	706	458	529
24392	24420	24449	24513	24492	24542	24613	24599	24863	24873	24886	524	406	719	459	531
25310	25326	25360	25423	25399	25451	25499	25512	25737	25758	25783	513	409	702	457	528
26185	26206	26216	26302	26279	26330	26397	26379	26611	26620	26633	524	403	719	463	529
27112	27135	27152	27221	27199	27249	27308	27320	27515	27532	27546	523	410	711	456	528
28017	28044	28064	28136	28115	28164	28223	28213	28438	28448	28460	522	404	719	463	531
28941	28960	28995	29051	29033	29079	29135	29145	29360	29379	29395	518	410	704	462	530
29359	29381	29395	29560	29557	29566	29574	29587	29829	29862	29891	531	515	531	498	537
29826	29857	29891	29950	29926	29976	30024	30036	30276	30296	30315	538	421	719	485	541
30492	30502	30514	30778	30755	30804	30850	30863	31083	31098	31103	543	407	705	478	530
31259	31270	31283	31565	31540	31590	31667	31647	31901	31908	31925	526	390	675	455	537
32200	32258	32320	32322	32298	32349	32418	32539	32709	32719	32736	574	414	717	459	531
32739	32749	32757	33055	33031	33081	33148	33138	33286	33352	33370	527	392	745	467	527
33681	33697	33705	33799	33777	33828	33881	33901	34091	34119	34133	537	397	728	469	539
34279	34293	34320	34566	34544	34593	34662	34643	34870	34890	34920	528	369	731	450	541
35212	35243	35260	35329	35306	35359	35423	35413	35644	35661	35744	526	394	737	481	543
35969	35997	36013	36082	36060	36111	36155	36167	36379	36401	36425	525	399	732	466	527
36705	36732	36768	36820	36798	36849	36903	36916	37031	37133	37140	521	379	753	460	528
37457	37483	37499	37570	37548	37598	37667	37654	37800	37890	37907	525	394	731	469	527
38032	38046	38065	38322	38300	38349	38428	38405	38612	38629	38636	515	390	723	451	527
38955	38990	39003	39073	39051	39100	39147	39173	39379	39387	39392	526	384	759	465	524
39741	39773	39788	39857	39837	39886	40018	39931	40143	40168	40234	518	388	732	466	527
40544	40571	40589	40655	40632	40680	40747	40762	40992	41009	41021	520	398	728	461	525
41311	41341	41356	41427	41405	41454	41522	41506	41729	41751	41768	519	387	744	465	529
42081	42112	42126	42194	42173	42222	42270	42280	42494	42510	42517	519	370	729	454	529
42662	42674	42683	42980	42958	43006	43080	43063	43311	43322	43333	519	385	732	458	532
43648	43678	43696	43766	43743	43792	43854	43841	44103	44114	44124	528	397	744	460	536
44451	44478	44497	44563	44542	44590	44657	44643	44889	44897	44909	526	368	770	459	527
45256	45279	45299	45373	45352	45401	45454	45469	45669	45710	45730	529	385	750	464	525
45930	45939	45951	46237	46216	46265	46339	46329	46533	46559	46575	518	395	736	462	526
46982	47005	47049	47099	47076	47126	47217	47176	47414	47431	47435	523	382	766	460	530
47902	47944	47960	48028	48006	48056	48105	48112	48256	48362	48374	518	392	739	457	528
48657	48671	48683	48934	48912	48962	49039	49010	49252	49262	49271	522	384	750	462	534
49707	49732	49753	49823	49803	49852	49899	49909	50134	50149	50158	521	391	749	467	531
50590	50610	50632	50704	50683	50731	50784	50797	51005	51028	51037	518	402	716	464	524
51441	51471	51497	51565	51544	51593	51644	51684	51889	51894	51910	522	388	726	467	530
52156	52173	52187	52415	52394	52441	52498	52492	52754	52761	52776	520	404	700	463	525
53127	53147	53171	53243	53223	53272	53345	53317	53544	53568	53594	526	400	719	465	525
53966	53987	54007	54070	54049	54096	54193	54149	54390	54421	54445	519	411	706	461	522
54788	54806	54823	54882	54861	54909	54977	54957	55193	55203	55220	519	408	720	468	528
55591	55609	55626	55700	55678	55725	55775	55788	55982	56020	56043	522	415	710	460	522
56422	56438	56451	56533	56511	56561	56618	56629	56837	56877	56903	534	411	714	471	524
57308	57316	57340	57396	57373	57422	57490	57477	57617	57719	57735	518	404	709	463	528
58138	58153	58170	58250	58227	58276	58322	58335	58554	58577	58597	523	405	718	465	521
59010	59019	59032	59083	59062	59110	59160	59178	59399	59420	59436	517	402	708	468	527
59789	59810	59840	59904	59882	59930	59950	59995	60288	60294	60317	519	415	713	463	523
