632
1556
2482
3385
4303
5183
6063
6921
7779
8618
9324
10281
10706
10916
11953
12779
13443
14434
15281
15949
16829
17888
18653
19487
20230
21139
21955
22773
23591
24420
25326
26206
27135
28044
28960
29381
29857
30502
31270
32258
32749
33697
34293
35243
35997
36732
37483
38046
38990
39773
40571
41341
42112
42674
43678
44478
45279
45939
47005
47944
48671
49732
50610
51471
52173
53147
53987
54806
55609
56438
57316
58153
59019
59810
