613
1532
2449
3363
4289
5165
6046
6894
7741
8604
9311
10262
10685
10910
11933
12765
13433
14420
15267
15940
16807
17875
18638
19471
20217
21115
21929
22743
23561
24392
25310
26185
27112
28017
28941
29359
29826
30492
31259
32200
32739
33681
34279
35212
35969
36705
37457
38032
38955
39741
40544
41311
42081
42662
43648
44451
45256
45930
46982
47902
48657
49707
50590
51441
52156
53127
53966
54788
55591
56422
57308
58138
59010
59789
