1093
2003
2896
3821
4770
5582
6546
7367
8213
9028
9930
10717
11149
11537
12444
13285
14054
14914
15711
16566
17405
18278
19089
19937
20800
21576
22419
23263
24004
24886
25783
26633
27546
28460
29395
29891
30315
31103
31925
32736
33370
34133
34920
35744
36425
37140
37907
38636
39392
40234
41021
41768
42517
43333
44124
44909
45730
46575
47435
48374
49271
50158
51037
51910
52776
53594
54445
55220
56043
56903
57735
58597
59436
60317
