704
1628
2547
3452
4377
5261
6140
6993
7850
8688
9516
10356
10809
11193
12031
12857
13683
14518
15343
16206
17083
17924
18742
19557
20393
21216
22022
22838
23653
24492
25399
26279
27199
28115
29033
29557
29926
30755
31540
32298
33031
33777
34544
35306
36060
36798
37548
38300
39051
39837
40632
41405
42173
42958
43743
44542
45352
46216
47076
48006
48912
49803
50683
51544
52394
53223
54049
54861
55678
56511
57373
58227
59062
59882
