1107
1708
2344
2949
3567
4206
4830
5446
6104
6745
7367
7987
8604
9225
9865
10485
11123
11703
12344
12983
13607
14225
14864
15501
16125
16742
17383
18005
18661
19266
19906
20522
21160
21781
22439
23063
23705
24340
24973
25600
26239
26860
27482
28117
28759
29380
29999
30642
31277
31879
32903
33737
34427
35012
35595
36196
36814
37416
38014
38614
39265
39815
40393
40971
41574
42150
42734
43330
43956
44490
45088
45670
46251
46833
47435
48009
48589
49189
49770
50374
50990
51570
52173
52772
53386
53966
54588
55210
55810
56427
57024
57643
58228
58811
59410
60029
