1062
1679
2305
2926
3554
4176
4803
5439
6068
6713
7335
7964
8585
9205
9837
10458
11077
11693
12332
12959
13582
14207
14838
15463
16103
16731
17361
17987
18613
19241
19872
20506
21137
21767
22402
23035
23669
24304
24934
25571
26202
26837
27472
28110
28744
29366
29992
30620
31247
31865
32876
33725
34413
34991
35586
36188
36794
37398
37998
38590
39250
39794
40372
40961
41548
42136
42722
43314
43948
44475
45055
45651
46231
46817
47406
47990
48569
49170
49758
50358
50955
51551
52151
52751
53356
53960
54567
55183
55782
56397
56999
57602
58208
58798
59394
60004
