590
1315
2027
2766
3549
4332
5025
5785
6494
7257
7975
8715
9429
10187
10955
11736
12492
13215
13974
14737
15448
16234
16964
17678
18412
19131
19887
20685
21402
22076
22800
23597
24285
25026
25820
26561
27322
28085
28888
29603
30421
31209
31996
32693
33457
34153
34876
35537
36229
36919
37593
38249
38929
39574
40249
40919
41573
42212
42888
43500
44166
44794
45411
46100
46716
47318
47958
48613
49292
49974
50636
51408
52120
52844
53597
54409
55060
55804
56499
57194
57840
58577
59254
nan
