381
1111
1842
2606
3362
4121
4863
5603
6343
7073
7788
8542
9298
10029
10779
11540
12273
13068
13800
14545
15286
16031
16796
17533
18242
18946
19706
20432
21188
21915
22649
23383
24125
24871
25629
26390
27117
27906
28688
29466
30235
31034
31828
32558
33261
34005
34701
35409
36072
36750
37428
38062
38746
39420
40086
40738
41414
42046
42704
43343
43992
44626
45264
45887
46522
47167
47786
48457
49147
49815
50511
51238
51952
52703
53429
54169
54878
55613
56341
57011
57728
58364
59080
59743
