838
1796
2803
3699
4515
5407
6393
7407
8305
9138
9944
10849
11750
12476
13336
14203
15327
16175
17041
17940
18786
19653
20526
21348
22106
23031
23897
24636
25412
26262
27234
28193
29250
30208
30961
31725
32399
33127
33702
34412
35082
35710
36341
37011
37625
38256
38948
39685
40439
41179
41920
42657
43406
44099
44792
45462
46127
46660
47482
48138
48774
49418
50083
50736
51397
52111
52803
53542
54306
55052
55750
56330
57144
57818
58550
59155
59798
60432
61045
