1072
2052
3025
4020
4852
5640
6726
7703
8633
9466
10209
11096
12065
12817
13546
14588
15580
16389
17278
18175
19128
19903
20793
21680
22368
23237
24152
24970
25675
26595
27533
28433
29496
30446
31305
32060
32618
33340
34056
34673
35414
35901
36598
37322
37879
38576
39231
39947
40633
41420
42183
42923
43664
44362
45045
45708
nan
47001
47815
48333
48994
49654
50266
51014
51699
52407
53099
53746
54560
55287
56065
56654
57341
58060
58702
59461
59980
60613
nan
