409
1016
1477
2021
2535
3216
3905
4670
5190
5862
6405
7103
7568
8617
9138
9776
10381
11054
11651
12248
15107
15844
16379
16970
17604
18215
18895
20192
20969
21544
22100
22678
23278
23791
24353
25089
25613
26257
27013
27489
28179
29306
30004
30527
31186
31818
32423
33082
34449
34932
35582
36164
36726
37195
37777
38367
38917
39430
39949
40479
41041
41600
42225
42868
43526
44143
44645
45331
45894
46450
47005
47474
47990
50549
51453
52053
52648
53280
53832
54480
54977
55513
56131
56657
58247
58926
59541
60293
60873
