391
975
1461
1992
2518
3197
3888
4666
5170
5842
6395
7083
7550
8606
9129
9731
10364
11033
11621
12226
15096
15835
16368
16951
17593
18193
18881
20180
20960
21537
22086
22665
23242
23777
24338
25071
25597
26241
27003
27463
28164
29290
29975
30515
31175
31791
32405
33041
34423
34869
35522
36117
36714
37184
37755
38340
38876
39397
39919
40438
40974
41557
42195
42848
43486
44118
44614
45286
45872
46431
46974
47458
47979
50540
51442
52045
52643
53227
53823
54472
54962
55471
56100
56646
58223
58914
59521
60283
60829
