703
1454
2114
2772
3532
4053
4954
5573
6371
7091
7867
8552
9132
9931
10789
11405
12154
13093
13797
14574
15291
15928
16747
17493
nan
18672
19648
20373
nan
21628
22629
23269
23989
24610
25363
26193
26874
27551
28164
29047
29902
30715
31725
32346
33046
33675
34131
34986
35550
36192
36991
37665
38493
39027
39747
40410
41053
41745
42659
43209
44025
44662
45605
46063
46596
46905
47527
48023
48886
49589
50282
50867
51604
52373
52985
53677
nan
nan
56006
56580
57479
58160
58857
59581
nan
