150
1110
1651
2291
2992
3817
4411
5134
5833
6611
7390
8066
8851
9513
10388
10972
11893
12492
13435
13977
14734
15529
16327
16935
17632
18507
19130
19832
20772
21351
22075
22691
23548
24332
25085
25627
26485
27109
27689
28467
29599
30210
31262
31988
32427
33089
33765
34590
35115
35665
36547
37107
37784
38645
39190
40043
40829
41386
42084
42938
43664
44284
45169
45765
46127
46596
47180
47527
48583
49301
49955
50282
51283
51900
52778
53442
nan
54721
55422
56140
57041
57800
58340
59160
59702
