619
1171
1747
2388
3104
3604
4357
4867
5488
6245
6979
7647
8368
9086
9807
10483
11145
11784
12478
13123
13641
14373
14929
15644
16264
16929
17720
18281
18866
19564
20073
20672
21365
21944
22457
23137
23730
24341
24947
25688
26330
26833
27583
28185
28798
29293
29996
30477
31127
31821
32373
32978
33423
34021
34699
35122
35702
36390
36814
37481
37935
38589
39130
39687
40128
40637
41296
41823
42257
42789
43396
43799
44384
45067
45526
46236
46723
47461
47953
48549
49186
49895
50453
51032
51482
52137
52671
53202
53630
54268
54710
55308
55721
56346
56925
57441
57878
58368
59061
59518
60059
60697
