685
1299
1916
2540
3174
3786
4402
5019
5671
6336
7032
7779
8523
9263
9971
10641
11293
11931
12548
13165
13781
14424
15069
15731
16419
17101
17758
18400
19032
19645
20239
20836
21424
22019
22620
23233
23858
24491
25133
25763
26389
27021
27638
28251
28867
29479
30073
30662
31258
31863
32452
33031
33609
34174
34734
35294
35860
36425
36983
37541
38096
38652
39200
39737
40278
40816
41351
41875
42396
42923
43456
43985
44527
45104
45693
46286
46903
47530
48143
48740
49338
49936
50519
51084
51643
52193
52736
53265
53787
54317
54840
55364
55891
56420
56954
57488
58012
58547
59092
59641
60188
60747
