380
404
393
382
397
381
403
405
398
397
370
381
387
376
335
499
353
372
352
384
387
410
390
372
380
352
472
402
397
399
360
358
430
403
376
393
387
365
393
404
375
377
415
390
373
375
429
384
387
426
312
519
457
368
347
347
380
391
385
358
396
399
353
472
484
348
380
382
363
356
451
452
348
364
390
366
339
478
448
355
359
373
414
377
361
404
444
444
376
347
371
424
394
393
357
437
429
379
403
410
355
378
