503
1382
2055
nan
3659
4390
5078
6032
6646
7289
8232
9125
10141
11014
12012
12752
13656
14593
15110
16088
16878
17732
18324
19273
20155
21048
21958
22985
23779
24689
25588
26465
27188
27994
28815
29483
30422
31560
32471
33440
34211
35096
35921
36559
37429
38233
39016
40032
40898
41698
42468
43162
43984
44824
45506
46214
47079
47573
48042
48940
49880
50569
51652
52192
53124
53772
54573
55372
56103
56720
57529
58553
59326
60286
61164
