331
1202
2036
2868
3704
4588
5505
6388
7254
8140
9046
9943
10789
11619
12475
13367
14253
15123
16026
16956
17847
18706
19589
20497
21384
22223
23064
23927
24776
25601
26442
27322
28167
28973
29811
30678
31497
32253
32990
33714
34464
35250
36019
36760
37512
38258
39032
39777
40523
41293
42105
42912
43708
44509
45333
46175
46953
47709
48492
49321
50132
50924
51710
52525
53345
54145
54966
55826
56724
57562
58362
59147
59948
60741
61520
62335
63191
64027
64823
65636
66460
67303
68135
68943
69760
