359
1227
2061
2893
3730
4616
5531
6413
7281
8167
9073
9970
10816
11646
12503
13393
14279
15150
16053
16982
17874
18734
19618
20524
21411
22250
23091
23955
24800
25628
26470
27349
28194
29000
29839
30706
31524
32275
33013
33739
34493
35274
36047
36789
37535
38286
39056
39804
40549
41322
42130
42936
43730
44538
45362
46204
46981
47736
48521
49345
50161
50946
51740
52552
53369
54173
54994
55855
56749
57585
58387
59179
59978
60765
61546
62359
63217
64055
64851
65658
66490
67331
68155
68971
69788
