460
1318
2125
2978
3797
4675
5639
6472
7395
8236
9200
10078
10874
11736
12637
13460
14352
15256
16113
17037
17975
18853
19673
20569
21467
22351
23184
24089
24928
25768
26532
27430
28245
29151
29971
30763
nan
32325
33067
33785
34547
35327
36085
36846
37586
38345
39104
39843
40604
41361
42183
42981
43781
44581
45401
46260
47019
47777
48559
49378
50196
50978
51776
52596
53415
54213
55033
55893
56794
57634
58433
59233
60033
60812
61591
62412
63272
64089
64889
65710
66529
67368
68189
69009
69827
