407
1269
2107
2942
3784
4664
5586
6461
7326
8209
9122
10025
10865
11695
12545
13444
14321
15201
16099
17026
17921
18779
19660
20579
21456
22299
23141
24001
24843
25678
26519
27399
28240
29040
29882
30778
31841
32338
33056
33778
34538
35318
36095
36837
37575
38336
39096
39856
40595
41374
42174
42993
43772
44573
45411
46251
47029
47789
48570
49388
50208
50988
51787
52588
53407
54225
55044
55904
56786
57626
58426
59224
60023
60803
61583
62403
63262
64101
64901
65701
66540
67380
68200
69018
69839
