566
1445
2240
3107
3948
4848
5729
6627
7508
8380
9303
10159
11047
11845
12682
13623
14483
15358
16283
17206
18083
18922
19799
20735
21639
22459
23321
24175
25014
25834
26697
27580
28419
29217
30059
30958
nan
32518
33238
33957
34719
35498
36258
36997
37757
38517
39276
40015
40776
41535
42355
43154
43954
44754
45573
46432
47211
47951
48751
49570
50390
51169
51969
52769
53588
54388
55227
56087
56966
57806
58605
59405
60205
60985
61764
62583
63443
64283
65083
65883
66702
67541
68382
69201
70021
