932
1582
2295
3049
3860
4793
5447
6285
7050
7771
8469
9221
9950
10531
11467
12484
13474
14502
15472
16183
17237
17866
18803
19376
20255
20808
21502
22228
22855
23635
24279
24994
25784
26626
27460
28471
29165
30173
30976
31622
32413
33395
33775
34119
34925
35723
36699
37253
37997
38810
39469
40150
40948
41617
42172
42734
43385
44152
44737
45287
45954
46441
47005
47686
48442
49099
49664
50360
50956
51717
52348
53057
53741
54466
55107
55843
56524
57225
57961
58747
59256
60003
60650
