928
1561
2269
3036
3840
4772
5426
6272
7035
7759
8461
9209
9937
10520
11418
12475
13462
14492
15463
16170
17226
17841
18794
19364
20235
20793
21492
22181
22845
23622
24267
24982
25772
26619
27448
28467
29150
30156
30965
31607
32401
33386
33763
34104
34900
35715
36665
37241
37977
38777
39457
40129
40933
41593
42139
42720
43375
44137
44727
45239
45948
46416
46985
47674
48436
49087
49646
50332
50940
51707
52328
53045
53729
54452
55096
55825
56511
57214
57947
58737
59254
59989
60632
