551
1407
2264
3122
3970
4822
5676
6527
7375
8210
9047
9889
10729
11560
12382
13197
14025
14856
15682
16504
17336
18172
19007
19834
20670
21497
22337
23156
23987
24820
25662
26503
27338
28165
28994
29828
30669
31499
32333
33132
33926
34713
35485
36242
36995
37753
38506
39253
39999
40740
41474
42201
42919
43632
44343
45048
45764
46481
47204
47934
48689
49463
50249
51048
51844
52671
53510
54339
55153
55974
56798
57614
58424
59234
60063
60883
