889
1742
2605
3455
4306
5168
6016
6877
7710
8551
9389
10240
11079
11893
12721
13546
14361
15199
16013
16842
17673
18511
19342
20175
21013
21835
22674
23495
24329
25157
26004
26835
27659
28500
29341
30165
31009
31842
32644
33555
34265
35052
35799
36567
37333
38102
38859
39599
40363
41094
41818
42538
43249
43972
44692
45390
46098
46808
47549
48278
49033
49808
50587
51386
52209
53074
53886
54680
55504
56338
57146
57955
58770
59591
60421
nan
