nan
1376
2060
2663
3314
3912
4591
5197
5842
6410
7187
7777
8441
9213
9825
10567
11219
11871
12584
13177
13799
nan
nan
nan
18904
19547
20200
20785
21391
nan
22780
23381
24072
24671
25350
nan
26737
27386
28040
28518
nan
29652
30445
31118
31807
nan
33631
34302
34872
35469
35970
36569
37070
nan
38278
38902
nan
nan
40511
41132
41633
42117
42673
43308
nan
44311
44891
45401
nan
47095
47687
nan
48574
49261
49930
50436
50992
51604
52134
52641
53244
53856
54427
55054
55546
56106
56734
57263
57863
58324
58903
59425
60081
60529
