901
1542
2204
2851
3491
4124
4743
5383
6025
6670
7319
7982
8654
9328
9996
10686
11368
12054
12737
13384
14022
14671
16573
18443
19067
19700
20341
21000
21661
22322
22979
23616
24260
24912
25565
26226
26880
27533
28163
28751
29432
29867
30695
31343
31986
33251
33864
34465
35058
35641
36222
36795
37364
37931
38498
39063
39619
40175
40721
41264
41807
42353
42900
43442
43976
44519
45063
45613
46170
47288
47839
48387
48939
49486
50042
50607
51172
51746
52331
52908
53490
54065
54638
55214
55787
56358
56924
57482
58037
58588
59131
59671
60217
60766
