926
971
1022
1022
1022
1014
979
1022
1022
998
952
996
973
1007
939
1022
1022
1022
1015
995
972
1022
1022
775
806
862
892
638
1022
1022
891
816
1018
1022
984
1022
1022
916
968
712
869
927
1022
961
905
803
752
928
1022
1022
1022
1022
1003
1022
1022
1022
1022
1022
1006
806
838
835
978
822
1016
816
1000
1021
1004
983
941
679
939
770
879
964
937
790
858
887
968
993
1008
929
896
862
760
969
855
973
974
935
847
840
