532
524
521
518
526
512
526
523
524
510
531
529
524
514
515
525
524
518
525
528
519
530
527
527
525
525
524
516
523
544
537
531
517
511
534
539
528
525
515
527
527
524
503
524
545
526
527
517
525
524
526
523
499
543
542
524
533
535
527
527
524
520
540
516
539
539
527
537
537
526
524
524
528
531
512
559
541
521
532
550
531
527
529
527
537
527
524
527
531
518
555
543
520
529
529
526
527
527
534
529
508
557
529
520
530
531
526
537
532
521
