415
420
395
414
425
413
406
414
415
403
410
421
400
417
404
420
415
405
408
416
421
410
412
401
406
404
409
409
373
406
422
416
399
395
402
423
402
400
401
407
415
407
399
378
423
430
403
403
396
414
404
403
406
401
418
403
396
398
412
404
381
393
413
414
375
415
416
409
398
399
403
417
391
386
392
408
440
393
376
401
412
400
380
388
393
414
397
408
410
406
384
414
398
391
409
382
382
386
406
406
384
376
422
412
404
387
394
393
414
403
407
