624
1170
1711
2263
2814
3379
3957
4553
5138
5715
6290
6873
7464
8064
8689
9327
9952
10577
11199
11809
12392
12953
13505
14051
14601
15167
15745
16320
16912
17497
18087
18676
19260
19835
20397
20946
21493
22042
22597
23165
23732
24301
24868
25447
26037
26629
27219
27807
28393
28981
29578
30173
30758
31325
31899
32474
33038
33597
34150
34704
35252
35795
36329
36857
37377
37904
38426
38941
39456
39969
40481
40992
41499
42007
42521
43036
43542
44046
44556
45071
45584
46091
46594
47102
47615
48128
48649
49178
49707
50226
50740
51254
51776
52303
52834
53363
53903
54451
54997
55539
56074
56610
57146
57677
58201
58725
59256
59796
60345
60890
61429
