363
381
341
373
359
360
347
358
363
353
361
368
350
363
340
367
358
353
358
365
375
362
348
349
351
346
360
359
318
355
366
365
349
341
356
373
355
351
356
358
370
363
353
331
375
384
354
355
345
363
359
356
352
357
373
352
374
364
359
357
341
339
359
369
334
370
366
360
372
367
366
364
353
359
347
368
392
356
346
369
365
359
354
363
360
377
366
364
369
365
363
389
366
355
369
354
364
365
368
373
350
366
395
369
367
360
363
368
382
353
