785	808	838	911	892	934	1072	986	1101	1174	1222	519	341	1022	373	530
1735	1775	1796	1880	1861	1903	2052	1962	2088	2141	2190	519	352	1022	380	526
2728	2770	2803	2872	2853	2895	3025	2950	2956	3132	3188	513	351	1022	386	527
3627	3666	3699	3772	3754	3794	4020	3853	3939	4022	4077	524	350	1022	396	534
4446	4487	4515	4599	4580	4621	4852	4679	4794	4861	4901	521	340	1022	368	530
5358	5378	5407	5484	5466	5508	5640	5563	5652	5745	5791	523	347	1022	376	526
6326	6366	6393	6470	6451	6492	6726	6547	6665	6734	6784	515	346	1022	384	539
7312	7348	7407	7451	7432	7474	7703	7528	7629	7713	7757	526	353	1022	386	521
8237	8271	8305	8376	8358	8399	8633	8453	8586	8638	8689	510	341	1022	376	521
9090	9116	9138	9220	9202	9242	9466	9300	9386	9474	9525	515	359	1022	395	528
9882	9919	9944	10031	10013	10054	10209	10111	10216	10290	10339	518	351	1022	385	527
10787	10822	10849	10930	10912	10953	11096	11007	11122	11190	11237	521	359	1022	388	525
11696	11723	11750	11828	11810	11850	12065	11910	11909	12075	12133	521	356	1022	399	543
12412	12450	12476	12568	12550	12590	12817	12649	12750	12821	12867	511	325	1022	376	558
13259	13271	13336	13388	13370	13411	13546	13466	13581	13650	13702	557	333	1022	368	527
14167	14178	14203	14411	14393	14435	14588	14491	14599	14679	14728	504	326	1022	363	524
15256	15295	15327	15403	15385	15425	15580	15481	15488	15665	15714	508	344	1022	381	524
16102	16138	16175	16250	16232	16272	16389	16325	16404	16508	16551	524	347	1022	387	542
16970	17011	17041	17120	17102	17143	17278	17199	17296	17385	17434	518	345	1022	382	539
17858	17902	17940	18010	17991	18032	18175	18089	18210	18271	18324	519	351	1022	380	522
18720	18763	18786	18876	18858	18898	19128	18953	19077	19132	19180	514	350	1022	391	533
19587	19627	19653	19736	19718	19759	19903	19813	19914	20000	20047	524	344	1022	379	529
20460	20497	20526	20606	20587	20629	20793	20686	20799	20866	20916	521	354	1022	387	539
21286	21327	21348	21436	21418	21459	21680	21517	21656	21688	21747	527	353	1022	387	527
22071	22086	22106	22209	22191	22232	22368	22285	22406	22469	22520	515	339	1022	373	525
22942	22976	23031	23089	23070	23112	23237	23168	23258	23352	23398	523	363	1022	385	520
23850	23865	23897	23973	23955	23995	24152	24050	24162	24229	24275	521	359	1022	394	532
24565	24607	24636	24721	24703	24743	24970	24797	24878	24974	25026	522	350	1022	390	537
25331	25372	25412	25488	25469	25510	25675	25566	25684	25748	25800	522	356	1022	387	531
26194	26235	26262	26344	26325	26366	26595	26421	26544	26605	26650	515	364	1022	397	552
27134	27166	27234	27276	27258	27299	27533	27355	27490	27535	27587	524	355	1020	379	484
28122	28164	28193	28268	28250	28291	28433	28343	28443	28534	28582	532	365	1022	389	519
29187	29233	29250	29330	29312	29353	29496	29407	29530	29597	29648	525	379	1022	419	562
30166	30189	30208	30290	30272	30311	30446	30374	30503	30542	30593	501	341	1005	387	526
30888	30938	30961	31052	31034	31074	31305	31129	31288	31306	31359	524	341	1022	393	553
31685	31697	31725	31806	31790	31830	32060	31883	32021	32061	32106	504	382	974	420	544
32363	32381	32399	32525	32508	32548	32618	32605	32724	32780	32834	524	331	990	391	519
33059	33101	33127	33217	33198	33239	33340	33294	33428	33463	33511	586	423	1022	475	564
33585	33623	33702	33879	33862	33903	34056	33961	33966	34132	34172	514	345	951	377	518
34367	34379	34412	34530	34513	34556	34673	34606	34689	34725	34743	506	346	915	409	542
35039	35055	35082	35179	35161	35202	35414	35266	35375	35425	35486	536	391	970	414	509
35649	35690	35710	35807	35788	35831	35901	35883	35916	36060	36122	512	371	930	408	512
36279	36321	36341	36437	36420	36462	36598	36516	36606	36690	36752	524	399	952	435	519
36920	36962	37011	37078	37061	37102	37322	37152	37159	37326	37368	523	389	950	415	520
37554	37604	37625	37720	37702	37743	37879	37798	37800	37968	38011	524	376	993	410	515
38197	38238	38256	38353	38335	38377	38576	38428	38595	38611	38639	515	344	964	393	516
38885	38923	38948	39042	39025	39066	39231	39119	39242	39298	39329	530	399	926	415	510
39616	39653	39685	39769	39751	39793	39947	39848	39954	40029	40051	517	393	888	410	498
40384	40422	40439	40525	40507	40549	40633	40610	40754	40778	40824	554	447	948	459	512
41123	41154	41179	41262	41244	41286	41420	41339	41463	41521	41552	508	376	888	397	488
41855	41895	41920	42001	41983	42025	42183	42078	42080	42250	42260	513	403	883	430	507
42592	42630	42657	42738	42720	42761	42923	42816	42960	42983	43046	524	399	877	428	509
43335	43368	43406	43475	43457	43499	43664	43552	43703	43720	43785	527	395	906	417	502
44040	44076	44099	44185	44167	44209	44362	44264	44265	44437	44488	529	407	903	420	504
44732	44770	44792	44878	44860	44901	45045	44959	45117	45126	45165	525	409	864	435	515
45405	45440	45462	45548	45531	45571	45708	45627	45630	45796	45841	515	368	932	407	501
46073	46116	46127	46221	46204	46245	nan	46297	nan	nan	nan	519	423	950	430	448
46634	46641	46660	46897	46880	46922	47001	46992	47028	47146	47190	555	399	840	406	500
47420	47466	47482	47569	47552	47594	47815	47655	47744	47816	47829	518	417	799	440	503
48069	48111	48138	48219	48201	48244	48333	48297	48302	48436	48447	537	434	819	445	491
48707	48750	48774	48859	48842	48884	48994	48935	49071	49113	49145	512	393	829	418	520
49357	49400	49418	49506	49488	49532	49654	49582	49730	49746	49769	521	420	849	433	508
50056	50068	50083	50155	50138	50180	50266	50231	50363	50400	50428	540	432	878	434	565
50653	50706	50736	50810	50792	50834	51014	50886	50954	51022	51120	530	415	879	448	490
51330	51376	51397	51484	51466	51509	51699	51561	51672	51718	51767	532	423	848	434	492
52022	52079	52111	52182	52165	52207	52407	52260	52418	52434	52467	506	399	847	419	500
52742	52782	52803	52887	52869	52911	53099	52962	52967	53142	53168	512	390	876	414	509
53481	53519	53542	53627	53610	53652	53746	53702	53829	53870	53912	525	413	864	437	508
54249	54284	54306	54392	54374	54416	54560	54467	54470	54639	54681	518	408	859	431	496
54976	55010	55052	55118	55101	55142	55287	55194	55294	55356	55429	526	399	891	427	571
55687	55739	55750	55835	55818	55861	56065	55912	56018	56083	56118	507	419	874	458	462
56250	56278	56330	56533	56514	56558	56654	56611	56754	56777	56802	560	409	844	408	500
57079	57109	57144	57218	57200	57242	57341	57292	57457	57462	57499	499	394	853	416	510
57749	57786	57818	57895	57876	57919	58060	57978	58132	58146	58171	527	396	872	418	520
58497	58521	58550	58583	58566	58607	58702	58669	58785	58827	58878	519	405	875	436	502
59106	59125	59155	59238	59220	59262	59461	59315	59471	59482	59521	522	386	880	421	530
59751	59778	59798	59885	59869	59911	59980	59957	60121	60130	60154	532	420	830	440	519
