911
1880
2872
3772
4599
5484
6470
7451
8376
9220
10031
10930
11828
12568
13388
14411
15403
16250
17120
18010
18876
19736
20606
21436
22209
23089
23973
24721
25488
26344
27276
28268
29330
30290
31052
31806
32525
33217
33879
34530
35179
35807
36437
37078
37720
38353
39042
39769
40525
41262
42001
42738
43475
44185
44878
45548
46221
46897
47569
48219
48859
49506
50155
50810
51484
52182
52887
53627
54392
55118
55835
56533
57218
57895
58583
59238
59885
60515
61122
