986
1962
2950
3853
4679
5563
6547
7528
8453
9300
10111
11007
11910
12649
13466
14491
15481
16325
17199
18089
18953
19813
20686
21517
22285
23168
24050
24797
25566
26421
27355
28343
29407
30374
31129
31883
32605
33294
33961
34606
35266
35883
36516
37152
37798
38428
39119
39848
40610
41339
42078
42816
43552
44264
44959
45627
46297
46992
47655
48297
48935
49582
50231
50886
51561
52260
52962
53702
54467
55194
55912
56611
57292
57978
58669
59315
59957
60591
61233
