450
1330
2301
3217
4119
5015
5808
6679
7509
8415
9274
10115
11032
11846
12696
13609
14429
15349
16255
17107
18054
18931
19785
20724
21605
22520
23421
24203
25017
25861
26715
27121
27659
28552
29469
30405
31253
32070
32803
33170
33553
34329
35069
35903
36374
37127
37801
38547
39314
nan
40770
41515
42229
42945
43700
44486
45233
45971
46798
47544
48341
49160
49923
50703
51529
52306
53085
53906
54709
55492
56335
57161
57992
58854
59650
60032
60464
