542
1408
2380
nan
4232
5117
5898
6762
7594
8503
9372
10203
11134
11932
12790
13693
14516
15431
16360
17198
18136
19027
20053
20814
21688
22608
23510
24296
25105
26102
26820
27453
27736
28645
29740
30512
31331
32149
32883
33426
33698
34416
35156
35991
36520
37305
37899
38626
39407
40113
40849
41610
42387
43026
43781
44578
45341
46092
46884
47790
48510
49336
50006
50795
51627
52396
53301
54129
54797
55607
56438
57237
58085
59028
nan
60118
60637
