400
911
1643
2246
2880
3571
4154
4784
5503
6358
7106
7659
8521
9267
10071
10953
11830
12560
13132
13909
14512
15587
16397
17163
17818
18589
19179
19808
20588
21231
21933
22643
23229
24251
25143
25937
26654
27368
27825
28613
29090
29593
30209
30767
31304
31667
32328
32863
33271
33849
34394
35040
35482
36016
36568
37102
37646
38251
38745
39418
39953
40461
41152
41666
42241
42925
43594
44175
44874
45492
46079
46657
47109
47829
48515
49016
49612
50145
50808
51214
51873
52357
52894
53381
54033
54600
55092
55715
56400
56860
57584
58165
