735
1351
1920
2552
3177
3835
4438
5209
5925
6624
7455
8075
8789
9513
nan
11251
12077
12921
13524
14300
nan
15949
16873
17548
18224
18924
19521
20180
20768
21743
22233
23047
23782
24630
25465
26208
26973
27556
28272
28890
29448
29826
30397
31062
31667
32068
32498
33271
33737
34209
34666
35313
35877
36227
36768
37453
38000
38590
39143
39723
40270
40830
41462
42051
42502
43190
43887
44559
45159
45735
46375
46969
47573
48204
48810
49376
50009
50514
50965
51581
52176
52645
53221
53725
54317
54872
55508
55907
56611
57303
57871
nan
