647
1166
2026
2666
3404
4106
4625
5444
6084
6843
7424
8303
8922
9682
10222
11043
11783
12419
13082
13685
14461
15103
15782
16401
17101
17939
18580
19462
20140
20861
21578
22260
23040
23660
24516
25216
25719
26599
27260
27877
28717
29358
30156
30795
31596
32195
32855
33554
34135
34774
35394
36054
36634
37234
37873
38453
39053
39653
40293
40793
41353
42113
42773
43233
43933
44553
45132
45892
46392
47193
47752
48452
48971
49653
50331
50912
51432
52132
52872
53511
54152
54791
55393
55951
56652
57291
57771
58551
59151
59771
