692
1387
2088
2769
3470
4167
4841
5547
6249
6943
7626
8336
9038
9741
10444
11127
11832
12511
13174
13830
14497
15187
15878
16596
17301
18023
18766
19496
20228
20960
21680
22405
23137
23842
24554
25253
25940
26641
27364
28077
28807
29539
30253
30956
31631
32314
32953
33594
34219
34856
35488
36099
36717
37332
37936
38537
39138
39748
40352
40955
41570
42194
42816
43438
44076
44716
45350
45974
46608
47234
47855
48489
49116
49746
50370
50997
51647
52292
52930
53569
54211
54851
55482
56114
56747
57373
58010
58609
59233
59864
