722
1418
2117
2799
3501
4198
4871
5578
6279
6973
7656
8366
9067
9772
10474
11157
11863
12542
13203
13860
14527
15217
15907
16625
17331
18054
18797
19525
20258
20990
21710
22435
23167
23871
24584
25282
25970
26671
27394
28107
28838
29569
30282
30986
31659
32325
32983
33624
34254
34887
35516
36133
36748
37362
37967
38568
39171
39776
40381
40985
41599
42223
42846
43472
44108
44748
45379
46004
46636
47264
47888
48518
49148
49775
50399
51031
51675
52321
52960
53598
54240
54881
55511
56145
56776
57402
58021
58637
59264
59891
