764
1520
2288
3139
3964
4834
5632
6469
7301
8051
8804
9621
10496
11344
12220
13155
14000
14838
15698
16491
17235
17969
18748
19543
20282
21032
21773
22533
23363
24183
24957
25706
26505
27256
28096
28812
29509
30203
30948
31754
32625
33474
34303
35086
35839
36531
37205
37854
38490
39104
39721
40347
41011
41652
42338
43080
43884
44604
45387
46165
46895
47602
48332
49055
49740
50453
51140
51830
52496
53200
53910
54620
55321
56040
56772
57493
58218
58953
59681
60384
61086
