955
1714
2487
3346
4158
5084
5814
6670
7521
8235
8997
9827
10698
11541
12428
13367
14194
15026
15899
16680
17435
18188
18963
19764
20484
21233
21974
22738
23572
24453
25162
25898
nan
nan
nan
29049
29742
30411
31175
32002
32843
33691
34525
35314
36055
36738
37422
38035
nan
39292
39914
40607
41248
41850
42555
43292
44137
44809
45638
nan
47080
47855
48580
49272
49940
50659
51380
52075
52700
53455
54126
54849
55516
56297
57001
57704
58464
59195
59887
60601
61292
