563
1164
1980
2823
3614
4633
5294
6275
7105
7721
8606
9275
10294
11154
11872
12783
13802
14498
15341
16291
16850
17773
18433
19188
19945
20821
21411
22205
23156
23845
24750
25499
26186
26971
27890
28460
29179
29908
30584
31470
32360
33324
33936
34775
35471
36277
37001
37657
38332
38851
39525
40162
40741
41307
42062
42887
43521
44407
45064
45976
46531
47246
47995
48767
49445
50135
50810
51514
52199
53010
53596
54295
55025
55690
56416
57297
57878
58628
59353
60046
60757
