563	581	592	681	666	710	777	764	859	955	980	516	401	930	421	526
1164	1175	1189	1439	1423	1467	1579	1520	1646	1714	1736	521	399	964	411	528
1980	1983	2003	2209	2192	2237	2341	2288	2417	2487	2514	516	403	960	399	528
2823	2831	2843	3055	3038	3083	3180	3139	3142	3346	3357	512	405	953	403	527
3614	3620	3636	3879	3864	3908	4048	3964	4093	4158	4186	514	408	943	406	514
4633	4661	4667	4747	4732	4776	4884	4834	5070	5084	5111	520	420	938	424	535
5294	5306	5338	5543	5527	5571	5677	5632	5751	5814	5836	527	404	939	420	527
6275	6290	6312	6388	6372	6416	6538	6469	6592	6670	6696	503	392	943	392	508
7105	7121	7130	7217	7202	7246	7332	7301	7513	7521	7545	510	407	934	404	521
7721	7740	7756	7964	7948	7993	8070	8051	8122	8235	8255	519	397	939	416	523
8606	8624	8631	8719	8702	8747	8865	8804	8920	8997	9028	513	403	966	408	525
9275	9281	9303	9538	9523	9568	9682	9621	9817	9827	9856	515	408	968	396	523
10294	10312	10322	10412	10397	10441	10586	10496	10594	10698	10705	513	411	939	408	519
11154	11169	11181	11265	11249	11293	11539	11344	11466	11541	11564	512	397	961	411	524
11872	11884	11914	12136	12120	12165	12278	12220	12346	12428	12466	516	403	989	395	527
12783	12809	12822	13069	13053	13098	13201	13155	13358	13367	13381	516	403	955	395	523
13802	13819	13853	13918	13903	13947	14053	14000	14131	14194	14220	513	401	942	415	525
14498	14519	14534	14752	14736	14780	14917	14838	14958	15026	15037	512	398	984	408	527
15341	15349	15376	15615	15599	15643	15782	15698	15834	15899	15916	513	412	936	404	517
16291	16305	16330	16406	16390	16434	16588	16491	16603	16680	16719	515	403	944	419	524
16850	16885	16899	17151	17134	17179	17284	17235	17426	17435	17438	516	401	957	415	522
17773	17794	17817	17891	17876	17920	18031	17969	18178	18188	18210	520	406	1010	401	531
18433	18442	18471	18668	18652	18697	18787	18748	18753	18963	18986	515	401	977	404	529
19188	19197	19238	19461	19445	19489	19616	19543	19662	19764	19790	513	401	934	406	516
19945	19958	19972	20195	20180	20224	20317	20282	20474	20484	20500	517	395	946	417	521
20821	20845	20862	20939	20923	20967	21061	21032	21120	21233	21242	519	391	978	413	521
21411	21426	21457	21684	21669	21712	21815	21773	21843	21974	21988	520	394	999	403	531
22205	22221	22256	22452	22436	22480	22594	22533	22665	22738	22856	514	395	991	406	531
23156	23179	23200	23280	23264	23309	23425	23363	23364	23572	23592	514	400	1008	393	531
23845	23853	23876	24101	24085	24130	24242	24183	24425	24453	24496	511	402	963	396	525
24750	24780	24799	24873	24857	24902	25012	24957	25148	25162	25184	512	398	927	414	522
25499	25520	25542	25619	25603	25647	25739	25706	25822	25898	25918	515	404	953	415	523
26186	26195	26223	26419	26403	26448	nan	26505	nan	nan	nan	513	406	976	400	531
26971	26980	26994	27169	27153	27197	nan	27256	nan	nan	nan	521	416	911	417	539
27890	27905	27928	28006	27990	28034	nan	28096	nan	nan	nan	511	404	907	414	532
28460	28476	28492	28722	28706	28750	28827	28812	29036	29049	29071	516	393	933	412	537
29179	29191	29203	29429	29414	29457	29555	29509	29733	29742	29755	519	390	954	414	524
29908	29920	29946	30118	30102	30146	30216	30203	30326	30411	30432	529	377	936	398	551
30584	30604	30619	30873	30857	30901	31014	30948	31071	31175	31204	531	383	1017	394	535
31470	31480	31512	31672	31656	31700	31799	31754	31993	32002	32074	531	391	1022	401	532
32360	32374	32386	32544	32528	32572	32691	32625	32784	32843	32870	504	393	1021	405	521
33324	33343	33395	33395	33379	33422	33538	33474	33605	33691	33723	512	380	1021	398	524
33936	33949	33985	34219	34204	34247	34347	34303	34415	34525	34530	518	387	1014	402	519
34775	34780	34799	35009	34994	35037	35134	35086	35303	35314	35332	524	387	1004	400	512
35471	35493	35522	35755	35739	35782	35896	35839	35839	36055	36133	512	393	994	401	514
36277	36288	36308	36447	36432	36475	36628	36531	36725	36738	36754	509	390	951	405	521
37001	37021	37041	37120	37105	37148	37261	37205	37411	37422	37437	520	396	968	407	510
37657	37684	37700	37771	37756	37800	37886	37854	37956	38035	38053	515	403	946	422	534
38332	38349	38366	38406	38390	38435	nan	38490	nan	nan	nan	514	398	956	420	519
38851	38868	38888	39024	39009	39052	39155	39104	39200	39292	39300	520	393	999	410	518
39525	39545	39565	39639	39623	39667	39766	39721	39827	39914	39936	527	407	1008	403	528
40162	40181	40198	40269	40254	40298	40410	40347	40586	40607	40662	520	413	992	408	531
40741	40748	40772	40925	40910	40954	41047	41011	41241	41248	41293	526	412	1001	414	511
41307	41377	41441	41570	41555	41598	41681	41652	41764	41850	41872	519	389	993	402	529
42062	42081	42099	42263	42248	42291	42396	42338	42452	42555	42563	512	391	1022	385	519
42887	42905	42922	43000	42984	43028	43167	43080	43210	43292	43308	528	416	1020	397	527
43521	43532	43559	43802	43786	43830	43937	43884	44123	44137	44172	502	372	955	390	524
44407	44430	44449	44522	44508	44551	44625	44604	44723	44809	44834	532	398	1009	413	520
45064	45076	45123	45305	45290	45333	45467	45387	45614	45638	45655	513	399	998	383	529
45976	45999	46028	46085	46070	46114	nan	46165	nan	nan	nan	511	396	990	399	525
46531	46537	46581	46806	46790	46834	46930	46895	47004	47080	47148	519	383	990	412	516
47246	47259	47275	47525	47510	47553	47678	47602	47841	47855	47875	515	393	1006	398	511
47995	48007	48026	48251	48236	48280	48385	48332	48571	48580	48600	520	397	988	405	519
48767	48778	48797	48971	48956	49000	49115	49055	49057	49272	49280	516	392	982	411	519
49445	49457	49472	49663	49647	49690	49804	49740	49872	49940	49961	532	405	1021	421	525
50135	50155	50191	50368	50353	50396	50529	50453	50654	50659	50671	517	390	1022	390	519
50810	50834	50856	51057	51041	51086	51216	51140	51368	51380	51388	516	399	990	406	515
51514	51526	51554	51748	51733	51776	51922	51830	52060	52075	52109	512	396	970	401	536
52199	52227	52297	52417	52402	52445	52562	52496	52648	52700	52720	520	391	984	406	515
53010	53027	53042	53120	53105	53149	53253	53200	53436	53455	53461	516	402	1022	398	516
53596	53636	53650	53827	53812	53856	53961	53910	53911	54126	54149	519	404	998	399	516
54295	54329	54353	54539	54523	54567	54633	54620	54833	54849	54872	519	400	972	414	523
55025	55072	55124	55242	55227	55270	55372	55321	55444	55516	55544	518	402	1020	413	519
55690	55704	55734	55960	55944	55988	56102	56040	56281	56297	56329	521	409	1005	403	515
56416	56432	56450	56689	56674	56718	56833	56772	56848	57001	57029	519	397	979	405	522
57297	57322	57337	57406	57391	57434	57523	57493	57677	57704	57753	515	388	998	399	517
