597
1089
1943
2546
3341
4008
4571
5316
5896
6626
7289
7983
8767
9514
10165
10876
11605
12439
13095
13818
14401
15068
15735
16356
16973
17618
18111
18631
19200
20115
20689
21324
22001
22589
23083
23620
24133
24702
25355
25951
26434
27069
27663
28241
28762
29393
29863
30587
31083
31731
32363
33014
33617
34155
34821
35380
35922
36484
37008
37506
38108
38639
39146
39670
40192
40735
41219
41848
42275
42923
43461
43984
44526
44944
45429
46060
46593
47122
47680
48139
48777
49322
49851
50439
51018
51796
52408
52875
53593
54061
54625
55161
55747
56222
56804
57241
57901
58454
58956
59479
60020
60425
61070
61592
