674
1244
2038
2728
3434
4102
4745
5402
6093
6798
7465
8150
8862
9608
10328
11031
11786
12530
13244
13905
14565
15234
15897
16536
17151
17719
18253
18798
19386
20198
20875
21497
22089
22637
23169
23708
24266
24838
25434
26029
26592
27154
27745
28324
28890
29473
30062
30667
31282
31875
32535
33153
33748
34329
34908
35469
36012
36545
37093
37645
38181
38710
39228
39749
40268
40804
41348
41905
42448
42996
43532
44062
44581
45097
45605
46126
46646
47191
47748
48299
48845
49385
49936
50511
51164
51872
52490
53062
53635
54217
54775
55308
55844
56364
56885
57419
57961
58510
59039
59556
60068
60588
61147
61767
