764
755
799
769
763
739
751
774
780
749
748
775
786
785
744
777
778
769
749
752
782
780
774
728
753
751
779
762
769
783
760
743
745
734
755
755
752
760
759
755
736
775
770
754
756
764
769
769
748
768
763
734
712
697
698
716
713
739
706
708
710
717
685
708
729
709
709
708
708
697
716
727
705
704
739
739
730
716
729
700
702
730
747
757
753
720
698
719
745
722
705
688
717
750
735
712
721
708
698
710
736
738
742
748
