nan
nan
2168
2881
3599
4219
4863
5559
6258
6888
7614
8327
9022
9730
10429
11178
11884
12684
13398
14069
14721
15409
15989
16642
17250
17783
18351
nan
nan
20339
21031
21608
22174
22735
23351
23868
24361
24955
25571
26214
26701
27320
27898
28424
29060
29616
30153
30817
31398
31978
32628
33236
33842
34417
34989
35588
36089
36649
37183
37723
38275
38804
39307
39837
40358
40879
41439
41986
42527
43077
43629
44136
44662
45200
45697
46202
46734
47288
47847
48401
48923
49493
50024
50597
51274
51963
52595
53152
53729
54307
54858
55404
55948
56442
56964
57500
58049
58606
59138
59674
60161
60717
61241
61864
