nan
845
1597
2316
3099
3814
4579
5529
6343
7012
7935
8696
9307
10007
10754
11434
12283
12880
13692
14267
14985
15745
16635
17236
18125
18895
19462
20191
20900
21579
22250
22964
23739
24278
25131
25708
26436
27320
27930
28884
29646
30204
31081
31666
32484
33167
33794
34452
35156
35828
36555
37118
37845
38607
39306
40022
40711
41410
42080
42733
43398
44073
44660
45303
45929
46645
47311
48010
48679
49440
50196
50917
51779
52375
53137
54019
54717
55320
55951
56607
57378
58043
58678
59419
60145
60877
