156
870
1609
2331
3110
3823
4587
5552
6369
7019
7955
8733
9314
10035
10765
11446
12317
12893
13718
14287
14994
15757
16665
17244
18154
18907
19475
20202
20913
21591
22276
22975
23761
24291
25163
25720
26456
27351
27942
28892
29656
30218
31107
31675
32523
33174
33825
34477
35168
35845
36564
37124
37853
38618
39317
40033
40722
41421
42089
42746
43413
44087
44673
45328
45986
46662
47337
48021
48703
49448
50205
50922
51809
52381
53145
54027
54748
55325
55979
56662
57388
58067
58704
59427
60153
60884
