554
1221
1961
2617
3420
4190
4983
5786
6589
7393
8186
8925
9659
10390
11128
11837
12496
13233
13925
14661
15376
16119
16892
17630
18376
19112
19751
20536
21212
21934
22637
23306
23957
24590
25352
26082
26810
27571
28337
29100
29853
30507
31346
31946
32680
33304
34057
34707
35390
36040
36783
37491
38220
38953
39596
40400
41091
41789
42434
43108
43767
44402
45035
45684
46315
46914
47685
48371
49089
49807
50504
51193
52030
52756
53511
54237
54974
55684
56350
57045
57712
58404
59088
59779
60437
61253
