1022
1022
1003
1020
1022
1022
1022
1022
1022
1005
1022
1013
1022
1022
1022
1022
996
1021
1022
1022
1022
1022
1022
1022
1022
964
925
948
1005
1022
1022
1022
1022
980
1022
1022
1022
1022
1022
1022
992
1000
1022
881
916
1022
1022
1022
1022
1022
1022
1022
1022
1022
1022
1022
1022
1022
1022
1001
1022
1022
1022
1022
1022
1022
1022
1022
1022
1022
1022
1022
1022
1022
1022
1022
1022
1022
1020
1022
1022
1022
1022
1004
1022
1022
