1191
2011
2399
3211
3835
nan
5212
5882
6795
7287
8044
8651
9422
10228
nan
11482
nan
13089
13633
14318
nan
nan
nan
nan
nan
18977
19615
20288
nan
21579
22445
nan
nan
24343
25289
nan
nan
27489
28236
nan
29656
nan
nan
31969
32698
nan
33921
34684
35487
nan
nan
nan
nan
38889
39531
40063
40869
nan
nan
nan
nan
44058
44696
45265
45791
46457
47262
nan
48383
nan
49820
50422
51087
51759
52346
53018
53672
nan
54901
55437
nan
56773
57400
58037
58521
59291
nan
60516
60955
nan
