835
1476
2137
2832
3447
4098
4780
5429
6115
6775
7414
8057
8746
9477
10128
10773
11418
12073
12747
13349
14069
14676
15281
15881
16464
16915
17663
nan
18924
19555
20202
20901
21527
22154
22741
23365
23986
24668
25294
25934
26643
27424
28157
28859
nan
30248
30891
31618
32313
32932
33603
34222
34833
35446
36083
36636
37295
37846
38437
39013
39636
40305
40909
41534
42110
42689
43296
43952
44527
45225
45786
46439
47055
47670
48348
48940
49535
50117
50690
51281
51863
52484
53012
53583
54134
54769
55385
55986
56625
57312
57968
58652
59312
59982
