390	426	448	524	507	558	613	626	726	774	835	515	457	608	498	515
1060	1072	1101	1167	1151	1202	1243	1251	1366	1428	1476	514	454	641	487	515
1699	1723	1736	1834	1817	1868	1925	1901	2069	2095	2137	516	459	637	488	520
2394	2435	2449	2530	2512	2563	2616	2606	2777	2792	2832	527	476	630	502	518
3084	3097	3111	3195	3179	3229	3285	3295	3408	3436	3447	520	456	600	501	525
3706	3743	3778	3842	3825	3876	3952	3928	4080	4085	4098	514	455	606	494	514
4339	4379	4398	4475	4457	4509	4586	4562	4729	4739	4780	516	461	641	488	515
5034	5043	5058	5143	5126	5177	5245	5226	5399	5410	5429	516	459	632	484	524
5689	5715	5736	5815	5798	5848	5901	5890	6032	6060	6115	522	462	607	501	523
6329	6376	6393	6467	6450	6496	6592	6553	6693	6716	6775	520	455	600	497	519
6968	7001	7023	7100	7082	7134	7180	7173	7332	7352	7414	517	452	613	493	519
7636	7651	7682	7749	7732	7783	7836	7828	7988	8011	8057	516	457	636	490	515
8311	8341	8367	8444	8426	8477	8535	8522	8682	8709	8746	514	457	636	486	518
9030	9064	9086	9163	9147	9197	9257	9247	9370	9417	9477	522	462	605	499	518
9685	9728	9749	9825	9809	9860	9923	9901	10062	10084	10128	514	460	618	499	524
10339	10375	10402	10473	10455	10507	10580	10564	10685	10740	10773	524	464	656	492	508
11013	11023	11040	11118	11101	11152	11231	11205	11353	11382	11418	512	452	641	478	512
11609	11625	11637	11788	11766	11819	11862	11876	12018	12045	12073	510	441	620	455	493
12257	12288	12298	12457	12439	12490	12535	12770	12707	12716	12747	567	488	649	471	482
12992	13011	13028	13107	13090	13140	13205	13187	13313	13340	13349	536	475	633	497	519
13651	13664	13681	13758	13742	13792	13831	13842	13999	14013	14069	514	465	608	495	530
14236	14259	14276	14361	14344	14389	14457	14444	14583	14613	14676	520	444	563	483	532
14843	14874	14894	14973	14957	15007	15069	15056	15194	15237	15281	520	467	631	491	511
15428	15477	15489	15565	15549	15599	15654	15666	15747	15807	15881	522	472	605	501	524
16002	16014	16027	16159	16142	16193	16231	16365	16440	16450	16464	507	488	645	461	489
16666	16677	16690	16742	16728	16777	16821	16887	16889	16898	16915	544	492	651	483	500
17235	17255	17305	17360	17349	17395	17454	17449	17626	17634	17663	505	462	622	497	551
17838	17851	17885	18015	17999	18048	nan	nan	nan	nan	nan	550	512	651	466	535
18573	18588	18600	18643	18627	18678	18724	18731	18857	18906	18924	501	444	611	469	572
19042	19049	19063	19261	19248	19298	19344	19356	19500	19538	19555	510	418	626	468	509
19796	19804	19827	19925	19905	19957	20002	20031	20170	20182	20202	515	454	605	489	514
20475	20491	20512	20583	20567	20617	20678	20660	20831	20844	20901	516	463	618	502	520
21092	21126	21157	21225	21209	21259	21319	21304	21450	21482	21527	526	472	611	500	524
21719	21750	21769	21849	21832	21877	21935	21927	22041	22094	22154	519	457	592	495	514
22308	22342	22365	22440	22423	22473	22530	22541	22664	22694	22741	513	455	616	487	515
22960	22968	22999	23055	23039	23089	23207	23128	23299	23320	23365	515	456	630	497	521
23559	23594	23613	23692	23675	23726	23789	23775	23866	23949	23986	518	466	632	497	524
24206	24251	24267	24347	24330	24380	24445	24436	24559	24598	24668	517	458	604	497	522
24845	24886	24913	24981	24964	25015	25073	25063	25226	25235	25294	516	456	611	490	518
25488	25526	25546	25623	25606	25657	25733	25701	25855	25883	25934	516	456	634	486	515
26190	26222	26242	26324	26307	26358	26423	26407	26550	26589	26643	516	457	638	492	518
26982	27019	27058	27116	27099	27149	27218	27201	27370	27381	27424	520	465	625	495	521
27701	27740	27769	27846	27829	27879	27965	27932	28092	28098	28157	515	455	605	492	513
28433	28456	28475	28555	28538	28589	28661	28641	28816	28821	28859	516	457	636	444	532
29169	29184	29204	29285	29269	29323	nan	29485	nan	nan	nan	513	451	632	509	568
29798	29811	29823	29994	29977	30028	30076	30068	30217	30243	30248	559	483	663	494	518
30616	30631	30637	30676	30660	30710	30761	30789	30849	30867	30891	487	451	625	495	486
31216	31244	31253	31365	31345	31400	31440	31450	31595	31604	31618	556	454	634	471	567
31911	31922	31943	32036	32021	32069	32101	32094	32275	32289	32313	540	440	600	552	506
32546	32566	32580	32656	32644	32687	32740	32873	32898	32907	32932	578	553	757	480	509
33178	33192	33202	33301	33285	33329	33381	33408	33553	33565	33603	449	437	588	485	511
33708	33724	33734	33903	33886	33931	33984	33980	34149	34156	34222	517	451	597	487	512
34385	34424	34451	34524	34505	34556	34621	34607	34775	34794	34833	515	459	629	489	526
35025	35043	35058	35141	35118	35169	35210	35225	35387	35406	35446	517	468	625	495	517
35686	35697	35713	35763	35746	35797	35840	35853	35993	36024	36083	520	472	627	495	521
36280	36293	36310	36380	36363	36409	36483	36466	36590	36619	36636	509	459	603	499	512
36866	36881	36906	36979	36960	37011	37061	37052	37219	37239	37295	518	462	609	497	512
37430	37468	37499	37562	37544	37595	37668	37648	37801	37820	37846	517	467	626	490	512
38006	38048	38063	38140	38124	38174	38219	38213	38400	38405	38437	516	465	633	488	507
38597	38643	38658	38736	38718	38767	38831	38814	38978	38993	39013	518	463	630	489	518
39221	39244	39250	39352	39335	39386	39452	39431	39586	39612	39636	512	465	622	489	519
39895	39902	39934	39992	39973	40024	40076	40066	40236	40254	40305	518	470	613	500	537
40508	40521	40546	40610	40596	40644	40709	40691	40867	40873	40909	519	466	603	502	511
41106	41125	41147	41215	41199	41249	41315	41296	41463	41485	41534	524	463	611	487	511
41679	41707	41731	41803	41788	41838	41903	41886	42044	42064	42110	515	462	611	486	513
42266	42303	42320	42394	42378	42428	42485	42474	42621	42649	42689	511	467	627	490	520
42915	42925	42938	43010	42994	43043	43099	43111	43258	43273	43296	517	463	629	491	515
43511	43549	43577	43640	43624	43673	43722	43711	43868	43892	43952	513	463	626	492	520
44158	44191	44207	44282	44266	44315	44382	44360	44501	44521	44527	516	458	606	495	516
44782	44808	44829	44904	44887	44937	44978	44991	45157	45167	45225	517	460	607	492	510
45394	45415	45436	45513	45497	45547	45588	45603	45757	45769	45786	518	470	634	488	523
46014	46041	46058	46135	46118	46167	46220	46202	46393	46399	46439	514	463	633	491	524
46644	46667	46686	46764	46748	46797	46856	46842	47014	47026	47055	519	472	631	497	516
47304	47312	47327	47402	47385	47434	47485	47475	47615	47652	47670	520	466	613	497	515
47906	47931	47955	48023	48007	48057	48105	48097	48272	48280	48348	519	462	614	488	527
48529	48543	48560	48632	48615	48665	48721	48730	48861	48890	48940	510	459	620	504	506
49133	49145	49155	49229	49214	49263	49313	49301	49473	49490	49535	517	474	630	482	510
49693	49727	49782	49829	49812	49861	49936	49914	50061	50091	50117	518	473	627	489	522
50270	50315	50329	50404	50389	50438	50476	50499	50656	50666	50690	516	467	624	491	521
50864	50906	50920	50990	50974	51024	51084	51060	51242	51252	51281	512	468	626	495	519
51463	51492	51512	51585	51569	51618	51664	51680	51835	51841	51863	529	469	611	498	515
52045	52072	52105	52167	52150	52200	52257	52246	52403	52417	52484	516	465	606	495	517
52625	52644	52665	52736	52722	52772	52837	52826	52965	52985	53012	514	468	608	502	514
53204	53221	53241	53305	53291	53340	53394	53382	53556	53564	53583	520	466	609	498	511
53761	53783	53805	53871	53856	53905	53960	53969	54126	54132	54134	520	463	600	494	514
54353	54372	54387	54459	54444	54494	54553	54547	54677	54719	54769	513	457	598	491	510
54971	54987	55001	55074	55059	55109	55156	55150	55321	55343	55385	514	461	620	484	511
55582	55615	55644	55702	55688	55737	55786	55774	55908	55965	55986	514	456	636	487	513
56214	56250	56275	56340	56324	56373	56429	56410	56594	56612	56625	517	464	646	489	508
56878	56907	56923	57000	56984	57032	57096	57080	57249	57270	57312	519	467	647	488	528
57546	57588	57614	57680	57663	57712	57767	57760	57927	57940	57968	515	463	630	496	516
58223	58258	58272	58345	58329	58378	58450	58424	58585	58602	58652	516	459	608	491	509
