754
1417
2143
2841
3568
4258
5001
5666
6441
7090
7823
8535
9285
9999
10742
11454
12194
12959
13693
14411
15135
15900
16600
17331
18087
18848
19626
20299
20978
21739
22480
23212
23956
24716
25409
26153
26907
27676
28386
29097
29890
30650
31372
32021
32737
33417
34154
34754
35429
36100
36758
37378
38047
38711
39337
39990
40639
41278
41902
42554
43202
43848
44498
45156
45856
46539
47247
47927
48637
49363
50085
50787
51538
52210
52947
53633
54345
55082
55749
56481
57162
57899
58579
59287
59992
