401
1125
1868
2583
3304
4024
4763
5507
6223
6963
7685
8365
9106
9827
10504
11245
11967
12700
13463
14184
14926
15624
16363
17062
17784
18484
19183
19922
20643
21328
22065
22800
23501
24201
24922
25662
26342
27042
27744
28522
29245
29946
30652
31311
31952
32629
33266
33875
34542
35166
35884
36571
37245
37967
38672
39388
40088
40801
41507
42201
42922
43648
44347
45104
45809
46506
47264
47981
48689
49406
50172
50903
51633
52386
53103
53805
54506
55206
55923
56620
57349
58058
58765
59504
60200
60903
