531
1141
1758
2318
3117
3919
4781
5619
6461
7201
8004
8700
9442
10242
11061
11921
12780
nan
13527
14421
15220
16102
16879
17763
18565
19365
20181
21022
21806
22649
23567
24246
25006
25841
26566
27441
28323
29224
30207
31133
31907
32610
nan
nan
34629
35289
35904
36550
37191
37810
38467
39055
39751
40349
40922
41511
42226
42746
nan
44022
44717
45369
46007
46773
47510
48384
49147
49971
50810
51492
52112
52730
53446
54027
54953
55734
56580
57422
58250
59050
59866
