683
1331
2203
3122
3797
4830
5735
6446
7044
8114
8709
9547
10715
11364
12028
13143
13848
14688
15643
16304
17213
18112
18937
19635
20526
21344
21979
23017
23498
24613
25387
26137
26826
27866
28690
29533
30128
30983
31523
32534
33282
33900
34762
35484
36104
37019
37852
38338
39288
40010
40633
41498
42302
43101
43966
44838
45843
46536
47534
nan
49096
50063
50844
51487
52425
52805
53285
54095
54944
55795
56692
57489
58345
59180
60003
nan
