510
1289
2121
2905
3719
4582
5414
6198
7080
7866
8632
9480
10383
11192
12011
12916
13735
14530
15379
16200
17041
17912
18677
19454
20213
21091
21964
22728
23487
24315
25173
25983
26855
27632
28436
29247
30013
30818
31301
32351
33070
33824
34570
35296
36077
36830
37526
38300
39030
39739
40523
41275
42023
42949
43804
44671
45536
46381
47224
nan
48888
49772
50565
51388
52199
52606
53079
53870
54725
55585
56436
57289
58156
58962
59807
nan
