707
1362
2227
3165
3849
4855
5788
6543
7111
8159
8752
9602
10738
11407
12136
13205
13874
14718
15669
16382
17276
18167
18963
19668
20569
21371
22051
23064
23547
24654
25431
26195
26913
27896
28770
29561
30194
31023
31570
32564
33328
33958
34804
35510
36163
37051
37886
38376
39320
40055
40730
41540
42330
43151
44025
44862
45873
46568
47562
nan
49137
50090
50862
51528
52468
52863
53357
54138
54983
55830
56728
57526
58383
59205
60045
nan
