1136
2001
2833
3643
4454
5262
6049
6842
7655
8513
9376
10232
11085
11952
12788
13614
14444
15263
16050
16829
17606
18371
19184
20099
21064
22011
22900
23786
24659
25456
26226
27009
27818
28544
29283
30011
30722
31404
32081
32749
33412
34069
34714
35356
35988
36609
37224
37830
38438
39058
39696
40368
41042
41730
42411
43094
43773
44449
45120
45800
46467
47135
47803
48491
49170
49841
50528
51224
51941
52658
53357
54083
54771
55458
56154
56832
57516
