1252
2094
2931
3758
4567
5392
6181
6950
7769
8649
9493
10363
11209
12074
12917
13754
14558
15369
16170
16942
17718
18487
19321
20207
21311
22107
23011
23903
24764
25568
26348
nan
27913
28580
29357
30133
30822
31540
32209
32953
33549
34105
34750
35392
36024
36645
37258
37864
38471
39092
39730
40402
41077
41765
42502
43129
43808
44483
45155
45835
46502
47170
47838
48526
49206
49877
50656
51260
51977
52695
53393
54118
54807
55494
56267
56958
57553
