1470
2313
3150
3967
4778
5598
6301
7178
7997
8812
9714
10558
11420
12215
13093
13936
14770
15523
16382
17091
17958
18695
19513
20425
21395
22267
23219
24100
24991
25793
26536
nan
28069
28665
29607
30329
31058
31703
32400
33057
33660
34319
34969
35607
36241
36854
37465
38078
38696
39308
39946
40616
41292
41985
42661
43346
44026
44705
45379
46052
46713
47391
48058
48740
49416
50089
50782
51481
52189
52912
53610
54332
55018
55711
56402
57082
57764
