594
1278
1945
2617
3279
3959
4475
5117
5874
6498
7025
7668
8403
9058
9610
10357
10908
11573
12217
12875
13621
14134
14805
15403
16007
16657
17172
17794
18551
19114
19798
20549
21074
nan
nan
22935
23592
nan
24743
25487
26032
26695
27395
28200
28815
29400
30036
30649
31164
31721
32270
32728
33375
33891
34456
35002
35431
36094
nan
37108
37685
38234
38826
39409
40008
40612
41225
41843
42349
43074
43569
44144
44772
45330
45918
46446
47066
47668
48546
49321
49965
50665
51365
52087
52721
53248
53853
54442
55085
