329
897
1399
1955
2534
3111
3660
4474
5153
5851
6476
7108
7839
8530
9149
9801
10434
10996
11747
12390
13016
13692
14423
15143
15754
16371
17066
17702
18332
18866
19470
20088
20661
21202
21828
22364
23021
23651
24234
24916
25444
26198
26790
27352
27951
28504
29065
29603
30270
30842
nan
32029
32574
33140
33750
34446
35046
35605
36134
36707
37359
37948
38523
39048
39651
40175
40731
41275
41822
42396
42862
43495
44072
44514
45082
45793
46336
46925
47489
48055
48521
49135
49700
50254
50819
51364
51813
52430
52992
53514
54054
54629
55176
55754
56261
56722
57337
57859
58424
58976
59532
59997
60656
61175
