431
980
1525
2076
2624
3186
3790
4541
5267
5921
6566
7236
7968
8632
9264
9907
10560
11218
11834
12454
13111
13889
14604
15246
15876
16503
17170
17829
18442
19040
19629
20207
20762
21325
21897
22474
23112
23784
24431
25041
25654
26265
26862
27438
28014
28589
29173
29795
30378
30962
31553
32123
32699
33277
33883
34506
35110
35702
36293
36881
37468
38048
38618
39177
39746
40300
40847
41386
41928
42477
43034
43584
44139
44712
45305
45873
46439
47004
47573
48134
48690
49240
49788
50334
50888
51443
51992
52537
53082
53626
54171
54725
55271
55818
56363
56906
57442
57977
58511
59052
59621
60177
60725
61276
