681
680
675
663
639
669
691
700
670
644
694
692
672
642
673
679
686
658
647
684
692
690
657
639
655
698
696
676
637
614
626
642
630
620
672
686
696
719
664
656
686
676
675
646
696
688
679
660
666
671
732
599
641
650
680
707
636
657
659
661
654
636
619
706
691
627
653
642
663
661
607
670
670
671
632
627
676
668
681
633
615
650
662
659
681
662
607
653
663
658
660
639
629
662
679
650
615
659
674
668
664
626
660
668
