nan
1239
1827
2338
2858
3445
nan
4822
5497
6197
6864
7534
8241
8937
9538
nan
nan
11515
12127
12713
nan
14196
14910
15542
16159
nan
nan
18123
18733
19317
19916
20481
20999
21600
22170
nan
nan
24052
24707
nan
nan
nan
27096
27723
28246
nan
29350
30081
30573
31110
31757
32407
32912
33525
34139
34692
35323
35921
36553
37170
37696
38233
38846
39315
39874
40556
40988
41647
42212
42774
43300
43732
44281
44885
45552
46147
46749
47275
47812
48416
48955
49512
49990
50629
51100
51601
52252
52826
53306
53802
54369
55000
55457
56033
56634
57158
57668
58230
58767
59344
59856
60328
60859
nan
