355
1129
1975
2837
3630
4512
5482
6435
7285
8160
9049
9906
10695
11529
12364
13142
14000
14909
15781
16653
17573
18497
19314
20169
20999
21770
22588
23441
24299
25190
26093
26956
27719
28450
29175
29987
30729
31472
32203
32946
33716
34444
35154
35878
36626
37385
38118
38835
39588
40392
41180
41959
42724
43510
44343
45148
45985
46863
47711
48541
49320
50127
50935
51746
52526
53339
54152
54982
55791
56608
57417
58206
58991
59777
