431
1195
2041
2908
3698
4578
5554
6509
7354
8231
9118
9972
10765
11596
12434
13216
14067
14970
15852
16726
17643
18569
19386
20235
21070
21839
22654
23511
24367
25258
26173
27022
27789
28516
29246
30110
30809
31543
32275
33011
33791
34522
35228
35946
36692
37461
38188
38907
39660
40459
41249
42024
42789
43580
44407
45217
46057
46930
47781
48603
49384
50195
51004
51826
52592
53404
54220
55047
55864
56684
57488
58276
59058
59844
