563
1273
1888
2723
3455
4206
4944
5574
6408
7148
7865
8457
9376
10139
10949
11705
12498
13275
13926
14829
15489
16350
17035
17865
18622
19413
20157
20944
21713
22445
23244
23962
24762
25499
26252
26946
27773
28556
29337
30135
30784
31390
32454
33232
33987
34680
35501
36089
36959
37692
38433
39158
39897
40644
41347
42094
42786
43335
44057
44798
45613
46142
46982
47672
48367
49061
49791
50473
51218
51912
52662
53357
54100
54788
55525
56221
56939
57655
58369
59086
59803
60530
