580
1305
1906
2757
3485
4228
4961
5587
6430
7157
7899
8473
9413
10180
10960
11742
12524
13291
13940
14846
15508
16369
17051
17887
18662
19428
20192
20960
21727
22488
23258
24010
24780
25525
26286
26965
27804
28572
29345
30143
30799
31403
32472
33247
34024
34692
35521
36101
36998
37730
38464
39195
39924
40658
41379
42106
42823
43346
44060
44805
45645
46150
47013
47705
48396
49095
49806
50510
51230
51948
52675
53395
54114
54830
55543
56257
56974
57689
58402
59122
59832
60546
