742
1504
2185
2920
3649
4398
5115
5853
6607
7350
8111
8829
9570
10356
11130
11913
12686
13458
14232
15052
15779
nan
17285
18057
18916
19607
20406
21114
21894
22653
23432
24166
24927
25684
26452
27215
28018
28755
29500
30321
31075
31599
32628
33466
34200
34951
35680
36443
37175
37920
38637
39365
40085
40843
41544
42254
43000
nan
44403
45185
45865
46505
47171
47901
48556
49273
49980
50753
51431
52158
52865
53564
54264
55018
55688
56429
57165
57843
58570
59314
60222
60693
