963	974	983	1105	1104	1119	1173	1163	1399	1423	1444	520	580	622	468	521
1701	1713	1723	2039	2037	2053	2099	2090	2347	2358	2362	521	581	615	468	520
2587	2595	2621	2910	2909	2926	2975	2963	3206	3227	3243	516	559	583	455	524
3624	3634	3670	3769	3767	3780	3835	3826	4143	4159	4188	520	578	605	465	525
4506	4527	4545	4641	4639	4656	4695	4725	4924	4955	4965	525	577	616	470	522
5206	5214	5227	5467	5454	5487	5505	5495	5808	5820	5825	521	493	598	584	514
6244	6257	6266	6392	6391	6407	6458	6448	6707	6713	6727	519	583	612	468	524
7145	7161	7185	7276	7275	7292	7335	7330	7587	7598	7607	529	577	606	463	516
8048	8059	8065	8180	8179	8195	8234	8245	8488	8502	8507	518	583	614	465	525
8945	8957	8968	9092	9092	9107	9157	9148	9405	9416	9428	518	580	611	470	530
9661	9677	9688	10008	10005	10022	10078	10068	10371	10386	10407	521	571	602	463	511
10745	10762	10773	10900	10899	10914	10980	10951	11211	11223	11230	523	583	617	469	524
11719	11730	11747	11842	11840	11856	11897	11909	12171	12182	12192	523	580	616	473	524
12450	12458	12469	12748	12745	12763	12842	12807	13069	13085	13107	519	568	605	464	523
13329	13337	13347	13631	13625	13644	13702	13689	13930	13941	13950	520	561	593	448	508
14372	14383	14409	14472	14500	14515	14559	14551	14832	14843	14850	526	499	623	471	526
15271	15282	15311	15375	15400	15416	15458	15450	15711	15718	15733	522	497	624	470	526
16008	16016	16030	16304	16301	16317	16361	16353	16610	16615	16626	522	583	611	463	517
17070	17077	17090	17189	17185	17201	17241	17251	17492	17512	17529	520	576	614	462	511
17970	17982	17991	18094	18121	18135	18180	18172	18372	18435	18451	522	492	623	461	521
18941	18965	19032	19033	19054	19067	19120	19150	19372	19393	19410	636	528	627	452	504
19868	19881	19893	19991	19988	20008	20041	20051	20289	20300	20313	530	591	621	471	524
20753	20764	20794	20858	20883	20898	20941	20951	21190	21202	21211	511	489	620	458	523
21691	21702	21710	21812	21833	21848	21899	21891	22153	22159	22172	520	491	622	467	528
22629	22645	22654	22758	22782	22797	22867	22852	23151	23159	23175	517	499	621	469	519
23390	23400	23413	23731	23727	23744	23839	23791	24035	24050	24073	521	572	605	467	521
24315	24324	24336	24630	24625	24643	24683	24692	24933	24958	24973	519	571	598	464	523
25407	25420	25434	25502	25526	25541	25585	25593	25833	25842	25856	520	495	622	466	524
26162	26195	26276	26419	26443	26458	26504	26497	26754	26761	26776	583	481	603	456	512
27236	27248	27273	27364	27362	27379	27423	27434	27734	27761	27818	516	574	604	470	612
27676	27685	27693	27732	27722	27758	27778	27915	28111	28125	28133	525	516	613	496	508
28094	28123	28133	28264	28259	28279	28326	28313	28692	28702	28715	508	565	589	458	517
29011	29024	29033	29135	29159	29175	29222	29212	29413	29473	29492	519	493	618	472	519
29957	29975	29994	30063	30087	30103	30144	30154	30397	30414	30434	516	496	620	469	519
30891	30916	30936	31054	31053	31068	31121	31132	31371	31385	31399	523	574	609	464	536
31654	31664	31670	31965	31960	31981	32003	32012	32253	32265	32279	512	574	608	476	543
32672	32689	32706	32798	32821	32837	32886	32876	33139	33146	33162	527	471	614	456	556
33137	33148	33162	33366	33363	33376	33400	33381	33688	33698	33732	557	507	531	489	615
34154	34165	34179	34479	34473	34489	34542	34530	34844	34854	34872	554	564	584	467	504
35026	35034	35046	35281	35276	35294	35346	35332	35542	35574	35589	531	565	611	466	537
35681	35704	35713	36001	35989	36018	36035	36077	36279	36289	36309	588	508	601	454	519
36653	36662	36673	36750	36723	36768	36784	36831	37073	37084	37096	533	505	607	470	523
37426	37439	37451	37493	37478	37526	37582	37575	37595	37628	37638	516	491	690	464	536
38139	38152	38174	38246	38267	38283	38352	38317	38534	38582	38593	526	452	619	462	555
38687	38694	38709	39005	39027	39041	39084	39078	39394	39405	39417	528	483	631	465	529
39515	39524	39531	39789	39786	39802	39863	39853	40066	40091	40097	518	578	628	452	523
40400	40417	40427	40526	40503	40544	40561	40552	40846	40881	40897	548	510	623	598	515
40988	41017	41030	41293	41315	41328	41388	41375	41658	41672	41701	535	487	642	463	516
41995	42008	42021	42096	42117	42133	42183	42173	42456	42466	42479	524	491	636	467	524
42695	42704	42716	42918	42918	42932	42987	42975	43249	43264	43270	523	583	626	460	527
43435	43444	43452	43746	43742	43758	43829	43794	44030	44051	44070	533	598	627	485	505
44254	44265	44274	44534	44533	44548	44603	44593	44835	44844	44857	512	580	625	469	524
45234	45249	45271	45337	45359	45373	45424	45412	45677	45686	45696	513	484	623	460	525
46051	46063	46075	46172	46170	46186	46227	46221	46473	46493	46513	519	579	622	467	516
46897	46908	46924	46999	46995	47009	47050	47058	47256	47313	47353	521	593	617	464	517
47496	47508	47534	47795	47794	47809	47866	47857	48119	48128	48135	522	591	627	465	524
48277	48291	48313	48599	48620	48633	48707	48692	48937	48952	48957	522	489	638	465	522
49339	49355	49373	49440	49463	49477	49529	49518	49795	49809	49816	515	485	636	457	521
50197	50206	50238	50289	50310	50325	50387	50372	50617	50628	50638	520	494	635	469	525
50833	50843	50858	51122	51144	51158	51208	51199	51434	51448	51459	522	488	619	466	521
51730	51754	51778	52003	52002	52016	52066	52057	52321	52334	52337	540	572	612	462	517
52703	52727	52737	52859	52856	52872	52910	52921	53183	53197	53203	519	579	615	465	522
53595	53602	53612	53718	53713	53730	53805	53773	53988	54030	54061	524	586	615	456	520
54239	54251	54263	54520	54519	54532	54596	54577	54818	54829	54838	524	600	624	463	523
55299	55309	55324	55396	55416	55431	55489	55480	55722	55740	55764	518	489	643	469	529
55959	55972	55987	56275	56272	56287	56325	56320	56571	56604	56621	518	590	620	458	522
56980	57030	57047	57144	57142	57157	57213	57204	57417	57465	57479	516	598	630	463	524
57882	57896	57924	57986	58008	58022	58073	58065	58323	58335	58349	521	489	641	463	522
58544	58552	58562	58859	58879	58894	58954	58940	59182	59192	59201	517	483	625	463	522
59621	59646	59661	59755	59753	59770	59811	59822	60067	60088	60120	520	574	629	471	526
