723
1463
2250
3020
3782
4553
5345
6099
6888
7691
8440
9237
10073
10820
11598
12427
13281
14095
14887
15706
16464
17257
18047
18802
19557
20337
21142
21908
22670
23413
24138
24890
25667
26393
27136
27916
28665
29414
30203
31015
31802
32636
33435
34199
34992
35620
36406
37077
37750
38429
39035
39657
40290
40926
41587
42252
42918
43563
44212
44872
45529
46170
46825
47513
48189
48859
49566
50279
50986
51692
52414
53112
53780
54480
55210
55852
56528
57215
57885
58561
59257
59946
60634
