876
1628
2381
3173
3853
4644
5411
6196
6983
7785
8506
9342
10205
10823
11687
12544
13375
14206
14960
15863
16565
17420
18145
18883
19609
20416
21244
22003
22771
23498
24286
25003
25781
26498
27244
28004
28760
29542
30307
31158
31933
32725
33586
34498
35129
35624
36431
37219
37851
38519
39040
39665
40321
40942
41658
42374
42924
43620
44256
44873
45531
46325
46914
47568
48193
49011
49651
50435
50987
51779
52549
53250
53844
54612
55313
55995
56619
57225
57890
58570
59259
60015
60662
