896
1734
2570
3372
4169
4993
5809
6471
7444
8278
9116
9933
10768
11609
12431
13248
13945
14931
15739
16541
17354
18165
18942
19734
20530
21327
22108
22924
23731
24522
25307
26121
26929
27728
28518
29330
30147
30942
31702
32483
33134
33942
34796
35409
36313
36977
37820
38582
39341
40100
40866
41490
42242
43007
43913
44523
45445
46197
46947
47691
48434
49180
49798
50723
51343
52196
53077
53873
54654
55436
56217
56852
57745
58348
59265
60012
60771
