1053
1891
2726
3530
4330
5150
5967
6776
7600
8434
9272
10091
10926
11766
12592
13409
14257
15088
15893
16696
17511
18322
19101
19891
20688
21486
22269
23081
23886
24679
25465
26277
27086
27888
28674
29486
30307
31105
31855
32635
33409
34172
34946
35709
36463
37216
37973
38735
39490
40250
41017
41786
42549
43307
44065
44830
45592
46345
47093
47841
48584
49336
50099
50871
51645
52436
53230
54021
54800
55583
56366
57135
57893
58649
59411
60165
60916
