1322
2158
2998
3794
4599
5415
6235
7048
7873
8711
9542
10354
11195
12039
12862
13683
14528
15358
16166
16969
17778
18586
19372
20165
20958
21754
22540
23352
24155
24950
25734
26547
27367
28157
28945
29761
30578
31381
32120
32904
33683
34446
35214
35983
36735
37486
38243
39008
39770
40525
41293
42063
42819
43582
44345
45103
45866
46622
47368
48125
48857
49614
50372
51143
51917
52712
53509
54290
55080
55865
56647
57401
58162
58927
59683
60430
nan
