936
1725
2523
3410
4150
4967
5710
6520
7297
8059
8848
9748
10483
11363
12164
13016
13838
14618
15446
16238
16988
17805
18648
19377
20217
21068
21898
22674
23443
24226
25014
25740
26534
27279
28083
28891
29721
30504
31258
32042
32825
33537
34216
34918
35616
36335
37055
37768
38558
39292
40043
40834
41596
42442
43150
43884
44617
45382
46151
46916
47733
48481
49288
50092
50908
51731
52534
53375
54172
55000
55782
56590
57418
58218
59059
