1252
2161
3060
3942
4808
5701
6620
7517
8401
9265
10178
11071
12003
12894
13789
14414
15615
16485
17322
18119
18931
19686
20447
21221
22089
22968
23816
24683
25570
26476
27336
28202
29075
29932
30771
31619
32463
33284
34103
34927
35651
36405
37130
37837
38572
39276
39985
40701
41397
42166
42872
43579
44308
45018
45753
46459
47169
47925
48681
49449
50309
51130
51952
52755
53604
54400
55261
56059
56854
57723
58489
59385
60191
nan
