876
1776
2665
3544
4444
5316
6238
6971
8022
8806
9778
10715
11613
12500
13396
13784
15241
16098
16942
17737
18525
19301
19962
20839
21650
22588
23424
24289
25198
26078
26946
27804
28687
29552
30394
31244
32059
32919
33714
34515
35148
36075
36764
37480
38182
38888
39595
40319
41039
41755
42475
43204
43916
44676
45360
45965
46790
47534
48291
49082
49898
50757
51571
52399
53215
54066
54870
55529
56498
57324
58145
58907
59706
60626
