374
1114
1866
2654
3399
4139
4879
5642
6357
7101
7846
8576
9296
10020
10710
11412
12112
12788
13547
14303
15059
15805
16560
17300
18035
18790
19504
20212
20875
21694
22428
23160
23938
24678
25479
26362
27202
28008
28755
29542
30184
31010
31731
32460
33155
33871
34596
35305
36014
36761
37466
38199
38900
39615
40313
41008
41743
42451
43124
43811
44422
45196
45861
46538
47229
47879
48607
49306
50026
50743
51456
52173
52904
53625
54315
55038
55730
56428
57100
57811
58524
59244
59936
60681
61379
62096
