500
1235
1994
2778
3528
4262
5004
5759
6484
7227
7967
8701
9416
10136
10829
11533
12231
12907
13665
14423
15185
15926
16679
17426
18158
18898
19624
20333
21078
21812
22549
23283
24056
24796
25605
26484
27320
28125
28879
29662
30422
31139
31858
32574
33276
33993
34720
35426
36134
36882
37607
38308
39020
39731
40428
41124
41861
42560
43241
43925
44619
45309
45966
46654
47339
48034
48709
49418
50141
50857
51563
52285
53019
53739
54429
55144
55839
56538
57211
57926
58642
59352
60049
60789
61489
62207
