824
1556
2316
3102
3848
4587
5327
6082
6806
7550
8288
9024
9737
10456
11148
11854
12553
13226
13987
14743
15509
16249
17002
17749
18481
19219
19946
20655
21398
22130
22872
23604
24378
25117
25929
26810
27646
28450
29204
29984
30735
31459
32183
32903
33602
34322
35050
35756
36466
37212
37943
38639
39347
40055
40756
41453
42189
42881
43567
44252
44943
45631
46290
46979
47661
48358
49034
49743
50465
51182
51889
52611
53345
54064
54754
55470
56163
56863
57535
58251
58965
59675
60373
61114
61811
nan
