766
1500
2258
3048
3792
4528
5268
6025
6748
7493
8231
8969
9682
10400
11093
11795
12497
13170
13931
14688
15450
16192
16945
17691
18422
19163
19888
20597
21347
22075
22816
23548
24319
25061
25881
26753
27590
28393
29146
29929
30686
31400
32120
32845
33544
34267
34992
35698
36406
37156
37873
38580
39290
40003
40697
41395
42132
42835
43509
44194
44887
45574
46230
46921
47607
48299
48978
49684
50407
51124
51829
52553
53287
54005
54696
55415
56107
56805
57479
58193
58910
59617
60316
61056
61755
nan
