295
1059
1819
2571
3322
4056
4798
5557
6306
7024
7763
8525
9212
9968
10627
11362
12031
12707
13495
14221
14983
15723
16478
17223
17953
18695
19425
20163
20807
21643
22351
23111
23855
24592
25399
26278
27151
27922
28676
29459
30166
30973
31692
32404
33106
33789
34519
35264
35935
36677
37403
38139
38821
39538
40235
40967
41696
42397
43060
43736
44364
45119
45781
46464
47178
47845
48520
49263
49977
50663
51370
52095
52826
53578
54236
54955
55648
56352
57054
57736
58452
59193
59858
60599
61297
62018
