1230
1932
2612
3333
4092
4873
5673
6492
7293
8112
8955
9756
10560
10625
11254
11936
12656
13436
14276
15156
15996
16796
17616
18377
19037
19756
20457
21218
21997
22837
23678
24497
25318
26099
26798
27519
28239
28839
29540
30180
30880
31660
32520
33400
34301
35200
36081
36941
37681
38383
39083
39781
40521
41282
42082
42902
43742
44601
45422
46241
47041
47822
48561
49301
50062
50842
51542
52302
53043
53723
54463
55203
56004
56804
57605
