681
1382
2062
2762
3502
4303
5083
5903
6705
7706
8525
9206
9908
10452
10642
11405
12106
12866
13686
14726
15427
16226
17007
17787
18487
19188
19888
20648
21407
22408
23268
23927
24728
25489
26229
27009
27710
28370
29049
29690
30332
31071
31930
32991
33710
34671
35692
36531
37111
37972
38550
39231
39991
40691
41491
42511
43234
44192
45032
45671
46452
47232
47972
48731
49472
50231
50992
51753
52433
53172
53893
54613
55413
56395
57195
