673
1374
2052
2754
3494
4294
5074
5894
6696
7697
8515
9197
9898
10440
10628
11397
12097
12857
13677
14716
15418
16218
16999
17778
18479
19178
19878
20639
21399
22397
23259
23920
24720
25480
26221
27001
27700
28361
29040
29682
30322
31062
31921
32980
33702
34662
35683
36523
37102
37962
38542
39222
39983
40683
41483
42502
43222
44183
45023
45663
46444
47223
47964
48723
49463
50223
50983
51744
52424
53164
53884
54605
55405
56385
57186
