865
1552
2165
2827
3523
4257
4917
5543
6259
7068
7802
8521
9242
9983
10740
11372
12056
12768
13529
14191
14865
15618
16392
17089
17712
18297
18910
nan
20273
20891
21546
22218
22935
23571
24241
24976
25736
26383
27023
27734
28469
29148
29777
30448
31157
31772
32427
33083
33688
34327
34905
nan
36126
36766
37367
nan
nan
39171
nan
nan
nan
41538
42118
nan
nan
44107
44762
nan
46294
47045
47747
nan
49154
49834
nan
51187
51906
52563
nan
53996
54715
nan
nan
56940
57633
nan
nan
59772
60436
nan
61777
