713
1404
2116
2854
3625
4395
5206
6032
6872
7690
8518
9338
10159
10966
11783
12602
13422
14227
15036
15860
16716
17586
18446
19322
20195
21067
21912
22780
23649
24526
25382
26256
27130
28009
28845
29682
30528
31381
32258
33080
33887
34684
35472
36232
36956
37684
38394
39086
39756
40442
41117
41794
42475
43156
43868
44593
45354
46131
46924
47726
48542
49359
50162
50961
51754
52534
53307
54090
54887
55705
56535
57383
58232
59079
59901
