838
1504
2248
2988
3752
4525
5340
6165
7043
7787
8658
9516
10319
11089
11928
12752
13550
14382
15211
15995
16904
17740
18582
19490
20364
21204
22076
22946
23805
24690
25581
26423
27292
28177
29024
29858
30688
31544
32350
33158
33979
34783
35624
36409
37082
37836
38560
39234
39922
40592
41263
41952
42633
43325
44032
44744
nan
46306
47086
47876
48687
49486
50317
51133
nan
52698
53472
54266
nan
55866
56694
57553
58394
59231
nan
