493
1143
1757
2380
2974
3661
4284
4990
5717
6453
7187
7868
8605
9355
10162
11044
11919
12648
13321
14004
14726
15646
16579
17309
18005
18683
19322
19982
20681
21460
22122
22777
23443
24322
25224
26064
26780
27432
28032
28673
29210
29728
30296
30866
31387
31880
32417
32983
33469
34005
34520
35127
35600
36140
36680
37221
37763
38335
38895
39504
40078
40627
41238
41888
42419
43062
43686
44319
44934
45569
46163
46725
47341
47961
48599
49200
49758
50332
50876
51405
51969
52449
52982
53567
54117
54669
55269
55825
56480
57035
57664
58251
