670
1293
1897
2524
3160
3805
4432
5188
5909
6606
7440
8066
8757
9507
nan
11242
12064
12905
13482
14270
nan
15935
16855
17521
18187
18885
19512
20177
20758
21714
22220
23038
23710
24593
25440
26187
26937
27534
28241
28876
29402
29802
30379
31015
31653
32061
32486
33243
33657
34180
34629
35301
35813
36218
36759
37448
37978
38522
39088
39658
40230
40817
41440
42038
42490
43149
43862
44513
45135
45730
46302
46927
47517
48161
48756
49351
49975
50496
50943
51568
52122
52638
53162
53710
54268
54852
55473
55899
56588
57226
57824
nan
