363
1054
1697
2328
2950
3583
4229
4956
5786
6620
7454
8284
9129
9912
10677
11448
12211
12967
13687
14417
15137
15847
16549
17236
17933
18641
19356
20100
20853
21613
22394
23178
23937
24694
25450
26206
26939
27673
28382
29090
29779
30486
31170
31866
32481
33205
33831
34466
35102
35766
36436
37131
37800
38478
39150
39826
40480
41133
41762
42384
42988
43581
44169
44765
45350
45966
46587
47260
47970
48722
49503
50284
51070
51830
52517
53118
53787
54414
55047
55709
56386
57090
57821
58531
59194
59834
60484
61130
