500
1077
1662
2229
2821
3382
3977
4551
5170
5778
6454
7114
7781
8422
9055
9677
10279
10869
11471
12044
12636
13198
13792
14359
14963
15547
16220
16897
17744
18439
19109
19750
20393
21034
21654
22275
22883
23463
24051
24617
25198
25767
26358
26935
27537
28138
28786
29446
30160
30826
31504
32112
32715
33291
33871
34434
34991
35534
36071
36596
37114
37627
38135
38639
39136
39628
40117
40609
41109
41621
42135
42662
43223
43793
44414
45018
45664
46263
46892
47485
48120
48709
49326
49911
50513
51091
51676
52238
52794
53349
53893
54452
55004
55575
56164
56762
57395
58015
58659
59268
59879
