626
1147
2003
2646
3384
4083
4606
5424
6064
6824
7403
8282
8905
9663
10207
11021
11764
12400
13061
13581
14440
15078
15761
16381
17081
17883
18562
19440
20121
20839
21558
22241
23018
23638
24478
25198
25701
26576
27239
27855
28697
29337
30117
30780
31577
32177
32836
33537
34116
34756
35375
36036
36615
37215
37855
38435
39035
39634
40274
40774
41335
42094
42754
43214
43914
44534
45114
45873
46374
47174
47733
48433
48953
49633
50313
50893
51413
52114
52853
53492
54133
54773
55373
55933
56633
57272
57753
58532
59131
59753
