753
1455
2156
2834
3534
4231
4915
5614
6312
nan
7694
8414
nan
9815
10515
11189
nan
12593
nan
13906
nan
nan
15953
16671
nan
nan
18893
19569
20312
21032
21749
nan
23230
23905
nan
25370
26010
nan
27424
28146
nan
29604
30328
31028
31684
32345
33004
nan
34283
34924
35543
36164
36783
37383
38003
38603
39202
39802
40402
41022
41622
42262
42882
43502
44141
44781
45401
46042
46660
47301
47922
48540
49181
49799
50421
51061
51700
52362
nan
53621
54262
54903
55540
56181
56799
nan
58043
58660
59300
59920
