731
1329
2164
2979
3842
4647
5491
6448
7086
7900
8666
9508
10334
11449
12268
13142
13786
14708
15481
16328
17161
18009
18867
19826
20509
21349
22230
22972
23807
24649
25444
26285
27349
27961
28791
29588
30540
31396
32088
32924
33747
34385
35228
35825
36586
37327
38148
38784
39468
40326
40868
41789
42367
43227
43847
44687
45467
46188
46763
47525
48225
48963
49704
50462
51162
51884
52625
53439
54361
54903
55841
56581
57161
58099
58639
59418
