1167
1893
nan
3578
4379
5164
5968
6814
7682
8388
9276
10085
nan
11855
12700
13493
14386
15209
16031
16874
17792
18523
nan
20237
21076
21955
22776
23559
nan
25194
26012
nan
27668
28531
29356
30235
31005
31686
32625
33327
34186
34906
35643
nan
37159
37872
38507
39200
39981
40779
41451
42224
42946
43643
nan
45137
45783
46646
47301
nan
nan
49442
50150
51019
51673
52491
53232
54002
54718
55549
56265
56994
57735
58385
59136
59996
