774
1590
2412
3233
4028
4846
5677
nan
7327
8132
8921
9746
10609
11493
12366
13229
14044
14862
15711
16560
17424
18256
19071
19918
20770
21612
22425
23233
24042
24861
25698
26547
27397
28206
29031
29863
30697
31471
32263
33046
33802
34553
35292
36022
36637
37497
38219
38938
39657
40382
41119
41854
42576
43297
44036
44772
45516
46245
46960
47697
48436
49173
49900
50630
51273
52123
52877
53643
54409
55152
55900
56653
57404
58152
58885
59628
