487
1051
1604
2149
2747
3457
4065
4757
5397
6030
6656
7250
7873
8450
9009
9533
10175
10700
11223
11765
12299
12870
13383
13990
14536
15119
15714
16241
16870
17423
17972
18518
19056
19592
20169
20650
21187
21737
22287
22802
23299
23914
24448
24971
25484
26004
26511
27050
27634
28193
28827
29391
29980
30622
31122
31582
32144
32622
33030
33484
33986
34442
34897
35266
35683
36233
36592
37099
37467
37971
38384
38867
39287
39727
40196
40647
41147
41708
42311
42959
43563
44199
44816
45421
46010
46583
47161
47716
48173
48786
49292
49798
50189
50793
51313
51728
52221
52713
53279
53801
54386
55102
55702
56449
57108
57772
58389
59073
59497
60134
