444
1012
1536
2083
2704
3393
4038
4722
5366
5997
6592
7225
7837
8417
8980
9484
10118
10666
11189
11706
12238
12836
13358
13939
14500
15082
15682
16188
16837
17392
17939
18490
19030
19561
20093
20621
21129
21675
22229
22778
23264
23876
24381
24934
25453
25934
26479
26984
27594
28154
28777
29361
29920
30587
31087
31540
32079
32556
32900
33364
33917
34405
34858
35147
35618
36208
36573
37074
37362
37940
38365
38848
39264
39700
40130
40613
41110
41652
42250
42902
43506
44147
44787
45369
45950
46521
47115
47688
48139
48750
49236
49737
50169
50757
51272
51694
52155
52655
53223
53746
54342
55042
55648
56396
57059
57700
58348
58992
59458
60092
