572
1140
1685
2234
2825
3539
4189
4849
5492
6118
6739
7371
7956
8539
9100
9677
10236
10782
11307
11831
12382
12951
13503
14060
14621
15202
15804
16388
16958
17507
18055
18601
19144
19678
20209
20734
21272
21819
22376
22920
23457
23987
24524
25049
25570
26079
26592
27131
27714
28351
28972
29553
30126
30681
31210
31727
32222
32698
33165
33624
34019
34513
34964
35410
35857
36293
36732
37167
37602
38037
38470
38904
39349
39793
40254
40716
41212
41835
42438
43030
43637
44278
44897
45500
46081
46654
47228
47791
48346
48861
49365
49864
50365
50866
51372
51779
52350
52773
53352
53875
54532
55181
55846
56535
57193
57841
58465
59074
59651
60208
