557
1125
1669
2219
2809
3524
4174
4833
5477
6103
6724
7356
7941
8524
9084
9662
10221
10766
11292
11816
12367
12937
13489
14045
14606
15187
15788
16373
16944
17492
18040
18586
19130
19663
20194
20719
21257
21804
22361
22905
23442
23972
24509
25035
25555
26065
26577
27116
27699
28336
28958
29539
30111
30666
31196
31715
32207
32683
33151
33610
34005
34497
34949
35396
35841
36280
36718
37153
37588
38023
38457
38892
39331
39779
40239
40701
41196
41820
42423
43016
43622
44263
44883
45485
46066
46639
47213
47777
48332
48846
49351
49849
50350
50852
51358
51765
52336
52759
53337
53861
54517
55166
55831
56521
57179
57827
58450
59059
59637
60193
