602
1170
1714
2263
2854
3569
4220
4879
5522
6148
6769
7401
7986
8569
9129
9708
10267
10812
11337
11860
12412
12982
13535
14090
14651
15232
15834
16419
16989
17537
18085
18631
19175
19709
20239
20765
21302
21849
22407
22951
23488
24017
24555
25080
25601
26110
26623
27161
27744
28380
29003
29584
30157
30712
31241
31759
32251
32728
33195
33654
34047
34543
34993
35439
35884
36323
36760
37195
37631
38066
38499
38934
39374
39824
40283
40746
41242
41865
42469
43060
43666
44308
44928
45530
46110
46683
47257
47821
48376
48890
49395
49893
50394
50895
51402
51807
52380
52801
53381
53905
54562
55211
55875
56565
57224
57871
58495
59103
59681
60237
