643
1209
1757
2302
2895
3606
4263
4916
5561
6187
6808
7442
8023
8606
9164
9745
10306
10848
11375
11902
12450
13020
13576
14127
14692
15270
15873
16458
17027
17579
18122
18669
19214
19750
20275
20801
21340
21888
22447
22989
23525
24055
24594
25118
25638
26147
26661
27198
27782
28419
29044
29624
30196
30740
31280
31804
32290
32769
33236
33691
34091
34582
35035
35485
35922
36371
36799
37229
37673
38102
38535
38980
39413
39859
40321
40783
41277
41902
42510
43099
43703
44345
44967
45565
46149
46723
47294
47855
48412
48926
49434
49936
50435
50936
51439
51847
52419
52841
53425
53940
54599
55248
55910
56599
57261
57907
58532
59143
59716
60275
