955
1456
2055
2703
3355
4011
4705
5417
6157
6790
7498
8213
8940
10294
10984
11692
nan
nan
nan
16499
nan
18016
nan
19530
20163
20986
21636
22215
23102
23758
24426
nan
25767
26537
27298
28014
28706
29398
30028
30864
31602
32216
32961
nan
34318
nan
nan
35909
36599
37180
nan
nan
38738
39232
39722
40394
40918
41476
42019
42579
43080
43796
44296
45033
45596
46217
46792
47247
48075
48729
49342
49997
50693
51349
51999
52651
nan
53896
nan
55161
55789
56453
57106
57750
58411
59112
59750
nan
