747
1328
1915
2541
3177
3831
4520
5257
5981
6644
7311
8001
8730
10122
10798
11516
12936
13586
15439
16394
17091
17817
18556
19325
20067
20776
21496
22176
22892
23592
24278
24997
25715
26402
27111
27828
28506
29215
29936
30682
31426
32156
32823
33442
34107
34699
35264
35846
36413
36973
37520
38057
38607
39145
39682
40214
40746
41285
41834
42404
42991
43593
44198
44824
45426
46021
46636
47015
47914
48550
49182
49828
50504
51174
51822
52455
53092
53718
54349
54982
55633
56275
56922
57598
58282
58949
59579
60192
