976
1695
2476
3317
4157
4958
5778
6599
7459
8340
9199
10102
11022
11880
12744
13603
14444
15283
16223
17204
18161
19065
19965
20803
21543
22305
23006
23684
24284
24987
25667
26368
27128
27967
28788
29648
30507
31389
32229
33030
33770
34529
35330
36170
36990
37873
38792
39772
40653
41552
42413
43214
44033
44854
45714
46534
47315
48055
48757
49496
50217
51037
51897
52778
53658
54439
55219
55980
56720
57360
58040
58741
59421
60102
60843
61582
62383
63163
63960
64721
65480
66222
67004
