648
1387
2171
2991
3833
4651
5462
6287
7137
8012
8889
9771
10688
11600
12431
13271
14117
14983
15911
16882
17849
18755
19642
20481
21250
21979
22681
23356
24008
24672
25341
26041
26822
27655
28478
29326
30201
31078
31919
32705
33461
34222
35013
35857
36691
37542
38479
39427
40329
41217
42087
42903
43707
44529
45386
46227
47005
47750
48453
49180
49903
50724
51589
52456
53344
54141
54914
55667
56390
57056
57731
58410
59110
59798
60512
61269
62053
62860
63630
64400
65166
65915
66673
