660
1498
2362
3187
3963
4761
5584
6445
7259
8049
8826
9585
10349
11146
11953
12729
13489
14246
15001
15794
16569
17343
18128
18910
19675
20434
21203
22033
22899
23809
24731
25636
26493
27340
28188
29038
29856
30703
31574
32443
33289
34141
34995
35852
36700
37512
38292
39065
39826
40606
41388
42127
42863
43608
44385
45192
46009
46850
47709
48583
49447
50272
51062
51863
52707
53554
54347
55153
55979
56832
57691
58554
59408
60226
61015
61805
62615
63468
64368
65203
66021
66492
