1002
1711
2622
3422
4192
4974
5822
6812
7474
8364
9120
9892
10605
11390
12221
12971
13703
14470
15337
16027
16788
17558
18460
19152
19897
20784
21524
22306
23124
24065
24938
26015
26723
27595
28427
29274
30076
30929
31781
32682
33509
34221
35228
36089
36957
37761
38640
39318
40080
40801
41621
42394
43236
43875
44637
45495
46257
47094
47939
48921
49678
50506
51296
52151
53048
53773
54587
55383
56231
57171
57946
58809
59657
60467
61232
62131
62861
63722
64597
65529
66322
nan
