377	387	396	669	650	696	747	738	918	925	961	515	483	731	460	528
1318	1327	1336	1472	1452	1500	1547	1538	1718	1723	1761	516	476	734	455	523
2058	2067	2077	2342	2328	2371	2405	2419	2579	2599	2639	513	474	757	453	517
3099	3107	3117	3243	3229	3272	3306	3319	3479	3498	3539	516	475	750	456	517
3879	3888	3898	4163	4150	4192	4227	4238	4398	4420	4460	518	479	750	459	518
4939	4951	4960	5025	5010	5054	5087	5100	5259	5278	5321	515	477	736	462	519
5679	5688	5698	5895	5880	5923	5968	5959	6139	6149	6160	516	475	739	458	523
6618	6628	6639	6697	6686	6726	6768	6761	6938	6953	6960	516	470	763	453	516
7258	7268	7278	7411	7394	7439	7489	7479	7639	7661	7683	519	476	756	461	519
8020	8029	8038	8164	8150	8192	8227	8239	8399	8415	8459	516	476	751	455	526
8700	8709	8719	8924	8911	8954	8987	8999	9159	9178	9221	515	475	745	455	520
9520	9528	9539	9790	9772	9818	9870	9861	10018	10043	10085	515	479	737	460	522
10440	10449	10459	10630	10612	10657	10709	10699	10879	10884	10922	515	480	731	460	524
11261	11270	11280	11497	11485	11526	11569	11559	11741	11750	11762	516	471	751	461	523
12021	12030	12039	12305	12291	12333	12367	12380	12540	12561	12585	513	472	753	455	518
12838	12849	12861	13087	13073	13116	13149	13159	13320	13342	13382	515	476	745	459	524
13819	13829	13840	13897	13884	13925	13969	13960	14141	14149	14202	519	477	739	463	529
14580	14588	14600	14653	14635	14681	14729	14721	14900	14906	14945	515	477	735	467	524
15242	15251	15261	15451	15434	15480	15531	15521	15680	15705	15743	516	481	748	459	519
16083	16092	16101	16317	16304	16345	16390	16381	16562	16568	16607	515	471	753	454	527
17042	17053	17062	17213	17196	17240	17292	17282	17461	17469	17506	516	488	731	460	538
17860	17870	17881	17937	17918	17965	18013	18003	18162	18184	18226	517	473	735	463	510
18643	18654	18663	18728	18714	18757	18793	18803	18961	18984	19006	519	484	769	451	513
19503	19512	19523	19744	19731	19773	19809	19823	19981	20004	20043	514	474	761	456	515
20542	20550	20562	20611	20596	20640	20692	20682	20861	20867	20907	514	478	746	456	525
21224	21234	21243	21371	21355	21399	21433	21442	21602	21622	21666	515	478	741	455	522
21923	21933	21943	22134	22116	22162	22212	22201	22382	22388	22426	516	475	758	455	522
22803	22814	22823	22991	22976	23020	23072	23063	23222	23247	23300	515	482	752	457	522
23563	23573	23583	23836	23819	23864	23912	23903	24083	24090	24143	511	481	738	462	526
24383	24393	24403	24531	24516	24559	24612	24602	24762	24779	24783	517	477	736	464	527
25123	25136	25144	25208	25194	25237	25271	25282	25444	25460	25503	513	477	744	461	519
25863	25872	25884	25941	25929	25970	26012	26004	26183	26195	26244	519	471	763	457	524
26764	26773	26783	26973	26957	27002	27054	27044	27223	27233	27283	514	478	751	450	523
27584	27592	27603	27871	27855	27899	27934	27942	28101	28124	28166	515	478	745	458	521
28543	28553	28564	28699	28687	28728	28772	28763	28943	28954	29004	515	472	748	459	528
29363	29374	29382	29617	29601	29645	29693	29683	29863	29875	29923	515	475	758	452	525
30464	30473	30482	30623	30611	30652	30691	30700	30863	30876	30885	516	477	747	456	527
31448	31475	31485	31540	31520	31568	31615	31603	31786	31797	31848	546	476	709	472	528
32067	32076	32086	32233	32217	32262	32292	32312	32481	32491	32546	512	476	711	466	527
32825	32834	32856	32894	32880	32923	32975	32961	33126	33146	33192	507	480	702	468	527
33444	33461	33468	33533	33519	33562	33605	33625	33763	33784	33837	527	502	746	480	535
34060	34075	34088	34149	34135	34178	34235	34221	34345	34402	34444	505	472	717	456	512
34671	34717	34728	34781	34767	34809	34879	34849	35022	35032	35068	518	486	727	470	526
35317	35337	35346	35397	35382	35425	35594	35466	35605	35644	35689	513	483	728	466	516
35950	35974	35986	36049	36036	36077	36136	36120	36247	36297	36364	515	483	731	467	522
36645	36672	36684	36740	36726	36768	36836	36804	36931	36992	37029	514	487	713	469	520
37356	37372	37385	37440	37428	37469	37514	37504	37643	37694	37736	513	485	713	468	522
38003	38017	38026	38086	38073	38114	38155	38164	38272	38333	38386	511	484	717	467	520
38628	38654	38674	38719	38706	38747	38818	38784	38927	38964	39012	508	476	711	463	519
39285	39308	39327	39371	39358	39398	39499	39433	39607	39617	39670	513	485	719	467	519
39963	39977	39991	40048	40035	40076	40179	40116	40285	40297	40346	514	483	712	472	521
40605	40616	40628	40739	40724	40767	40835	40804	40946	40983	41046	515	481	707	466	524
41283	41297	41308	41395	41381	41423	41476	41463	41589	41639	41707	510	481	719	468	523
41946	41970	41985	42033	42020	42061	42118	42106	42207	42276	42336	511	477	722	470	522
42605	42626	42644	42696	42682	42724	42836	42766	42922	42943	42986	511	476	725	461	519
43348	43362	43388	43433	43417	43461	43556	43507	43666	43683	43726	515	478	735	459	519
44245	44254	44265	44443	44431	44471	44515	44506	44645	44688	44745	512	481	718	463	517
45067	45077	45088	45359	45344	45387	45495	45426	45544	45609	45649	514	479	724	458	525
45987	45997	46007	46185	46173	46215	46260	46249	46422	46437	46490	512	476	734	461	524
46865	46878	46888	47041	47020	47068	47120	47108	47285	47292	47349	511	470	731	463	518
47748	47758	47766	47939	47926	47968	48016	48008	48185	48192	48242	516	481	723	468	522
48485	48495	48506	48744	48731	48772	48843	48813	48911	48991	49045	513	475	722	466	524
49424	49438	49448	49507	49493	49535	49597	49572	49745	49755	49803	510	473	734	462	521
50129	50137	50150	50416	50401	50444	50498	50485	50645	50670	50715	512	478	731	460	519
51065	51076	51089	51353	51340	51382	51459	51426	51588	51609	51650	514	481	721	465	520
52009	52013	52027	52255	52241	52283	52336	52326	52466	52506	52553	512	481	727	463	524
52968	52978	52991	53078	53062	53105	53201	53147	53249	53331	53371	509	479	730	462	524
53766	53779	53791	53954	53940	53983	54039	54025	54187	54207	54251	513	478	732	463	517
54646	54659	54690	54845	54832	54874	54940	54910	55048	55098	55132	513	477	728	460	528
55555	55575	55589	55642	55628	55671	55719	55710	55862	55895	55940	512	480	731	466	526
56303	56318	56330	56386	56374	56414	56460	56450	56627	56637	56689	512	476	730	466	524
57048	57077	57086	57140	57125	57168	57281	57208	57370	57393	57435	512	481	748	456	523
57891	57901	57912	57975	57962	58004	58099	58049	58167	58230	58270	513	480	735	459	521
58790	58800	58810	58931	58919	58960	59022	58994	59166	59188	59229	512	480	730	463	518
59629	59641	59649	59769	59757	59797	59838	59851	59967	60022	60070	513	476	733	462	529
60408	60423	60432	60493	60480	60522	60559	60569	60729	60745	60791	512	476	734	464	521