377
1318
2058
3099
3879
4939
5679
6618
7258
8020
8700
9520
10440
11261
12021
12838
13819
14580
15242
16083
17042
17860
18643
19503
20542
21224
21923
22803
23563
24383
25123
25863
26764
27584
28543
29363
30464
31448
32067
32825
33444
34060
34671
35317
35950
36645
37356
38003
38628
39285
39963
40605
41283
41946
42605
43348
44245
45067
45987
46865
47748
48485
49424
50129
51065
52009
52968
53766
54646
55555
56303
57048
57891
58790
59629
60408
