696
1500
2371
3272
4192
5054
5923
6726
7439
8192
8954
9818
10657
11526
12333
13116
13925
14681
15480
16345
17240
17965
18757
19773
20640
21399
22162
23020
23864
24559
25237
25970
27002
27899
28728
29645
30652
31568
32262
32923
33562
34178
34809
35425
36077
36768
37469
38114
38747
39398
40076
40767
41423
42061
42724
43461
44471
45387
46215
47068
47968
48772
49535
50444
51382
52283
53105
53983
54874
55671
56414
57168
58004
58960
59797
60522
