738
1538
2419
3319
4238
5100
5959
6761
7479
8239
8999
9861
10699
11559
12380
13159
13960
14721
15521
16381
17282
18003
18803
19823
20682
21442
22201
23063
23903
24602
25282
26004
27044
27942
28763
29683
30700
31603
32312
32961
33625
34221
34849
35466
36120
36804
37504
38164
38784
39433
40116
40804
41463
42106
42766
43507
44506
45426
46249
47108
48008
48813
49572
50485
51426
52326
53147
54025
54910
55710
56450
57208
58049
58994
59851
60569
