408
1058
1835
2636
3462
4190
4945
5685
6378
7130
7834
8578
9331
9978
10691
11411
12158
13084
14021
14939
15735
16511
17196
17926
18619
19292
19929
20764
21442
22161
22890
23689
24373
25252
26100
26970
27804
28535
29324
29936
30601
31341
31953
32544
33128
33734
34278
34864
35403
35996
36535
37122
37707
38332
38957
39532
40159
40745
41358
41880
42479
43075
43721
44459
45193
46059
46896
47672
48361
48990
49658
50224
50851
51442
52060
52675
53289
53951
54555
55156
55773
56411
57071
