306
959
1715
2533
3320
4087
4826
5564
6281
7015
7730
8454
9165
9871
10568
11293
12054
12992
13871
14746
15584
16359
17080
17792
18495
19182
19861
20608
21340
22060
22763
23477
24237
25073
25962
26820
27646
28439
29189
29885
30551
31189
31806
32409
nan
33571
34140
34708
35275
35838
36404
36987
37592
38201
38821
39431
40036
40626
41208
41783
42357
42945
43563
44279
45072
45938
46763
47539
48236
48887
49503
50105
50702
51306
51912
52537
53168
53807
54432
55044
55650
56268
56938
