487
1189
2056
2751
3568
4324
5065
5772
6528
7234
7958
8662
9401
10117
10800
11526
12279
13226
13983
14973
15753
16579
17330
17997
18704
19417
19946
20838
21454
22305
22995
23694
24382
25306
26164
27049
27960
28694
29438
30009
30785
31418
32015
32631
33210
33786
34352
34961
35502
36082
36563
37224
37902
38416
39026
39625
40240
40853
41431
41982
42603
43199
43772
44533
45304
46152
46959
47730
48469
49075
49727
50325
50924
51520
52139
52739
53413
54042
54663
55249
55874
56489
57163
