696
731
719
737
694
697
725
716
739
696
694
716
740
741
704
704
728
732
731
703
689
719
732
739
722
696
699
726
738
738
702
706
720
756
735
699
698
738
738
728
706
718
735
733
727
704
691
722
750
737
704
700
710
728
731
738
707
697
711
711
695
712
697
716
691
693
688
678
689
681
655
644
662
673
664
663
657
672
679
668
654
648
663
684
675
679
687
689
670
679
674
691
694
692
665
661
700
697
693
662
688
693
686
662
657
685
699
703
682
662
647
693
690
684
673
658
685
688
