463
465
456
490
472
463
462
460
487
478
469
460
472
481
473
463
460
475
479
475
467
464
467
476
472
472
467
464
465
474
467
469
447
489
476
469
463
470
465
465
472
469
467
468
475
468
469
456
473
467
457
474
471
464
466
480
470
466
468
468
455
464
462
477
466
478
467
462
483
483
481
480
478
475
475
477
475
485
480
472
477
484
478
472
465
493
472
471
451
492
490
487
475
475
464
481
478
473
475
479
471
472
468
481
480
483
475
471
472
481
467
480
475
478
480
476
470
465
