509
511
516
533
511
510
501
515
529
524
513
512
524
524
523
499
519
519
526
519
508
508
521
521
520
514
516
511
517
523
515
515
499
537
517
519
512
513
514
512
518
519
516
521
524
521
513
509
524
523
512
519
520
515
526
527
518
513
516
561
513
513
516
511
510
515
506
510
518
515
516
516
512
511
511
513
513
523
515
511
516
515
511
504
513
521
511
508
501
529
526
517
512
509
498
526
513
514
515
516
507
510
512
512
507
523
504
511
513
516
504
518
512
511
517
512
504
510
