382
874
1499
2046
2434
2949
3512
4037
4489
5000
5607
6105
6592
7170
7674
8201
8696
9299
9825
10340
10760
11301
11857
12363
13015
13561
14095
14526
15105
15716
16258
16770
17304
17737
18372
18808
19312
19956
20476
21095
21544
22220
22803
23287
23931
24509
25050
25570
26106
26698
27150
27703
28239
28672
29180
29762
30254
30813
31311
31727
32237
32830
33351
33777
34310
34732
35263
35722
36193
36651
37010
37509
37949
38441
38911
39279
39726
40243
40662
41104
41549
42087
42560
43027
43591
44036
44554
45212
45653
46227
46813
47352
47878
48327
48948
49424
49976
50512
51030
51521
52093
52669
53228
53741
54402
54851
55507
56085
56533
57105
57629
58279
58713
59321
59800
60431
60905
61534
