373
867
1481
2035
2422
2939
3507
4028
4475
4977
5603
6099
6569
7160
7643
8156
8682
9289
9821
10333
10744
11273
11852
12337
13001
13554
14084
14510
15069
15704
16238
16764
17292
17729
18362
18785
19293
19949
20448
21086
21534
22216
22793
23275
23919
24504
25044
25565
26098
26670
27106
27700
28230
28650
29159
29751
30241
30796
31301
31706
32229
32821
33344
33746
34306
34693
35256
35711
36180
36645
37000
37468
37924
38434
38904
39259
39712
40235
40623
41091
41535
42047
42524
43009
43586
44023
44539
45202
45639
46216
46805
47348
47865
48307
48943
49387
49965
50503
51012
51513
52077
52646
53203
53720
54398
54842
55497
56073
56522
57091
57611
58270
58699
59310
59784
60425
60883
61524
