455
1023
1568
2093
2594
3091
3585
4092
4616
5139
5657
6180
6712
7246
7785
8312
8851
9377
9903
10411
10916
11418
11935
12487
13062
13605
14141
14675
15225
15764
16295
16823
17348
17875
18415
18952
19485
20036
20587
21149
21711
22273
22853
23423
24004
24568
25110
25644
26185
26732
27267
27784
28290
28792
29298
29814
30329
30854
31382
31894
32400
32904
33399
33888
34367
34839
35306
35771
36234
36698
37157
37612
38064
38511
38955
39400
39850
40306
40770
41237
41711
42186
42660
43143
43656
44182
44727
45277
45823
46361
46883
47400
47921
48450
48994
49518
50047
50586
51147
51694
52238
52787
53343
53906
54451
54993
55553
56133
56700
57259
57796
58325
58855
59391
59936
60481
61026
61587
