475
1044
1589
2113
2614
3110
3605
4111
4636
5160
5677
6200
6732
7267
7805
8332
8871
9397
9923
10431
10936
11438
11956
12508
13084
13625
14161
14695
15245
15784
16315
16842
17368
17895
18436
18973
19505
20057
20609
21170
21731
22293
22874
23444
24024
24588
25130
25665
26206
26753
27288
27803
28309
28812
29319
29834
30349
30874
31401
31916
32421
32924
33422
33909
34387
34859
35327
35793
36255
36719
37177
37632
38084
38531
38975
39421
39870
40327
40790
41257
41731
42206
42680
43163
43675
44202
44749
45298
45843
46381
46903
47421
47941
48471
49014
49538
50068
50606
51168
51714
52259
52808
53363
53925
54470
55013
55573
56153
56719
57279
57816
58345
58875
59410
59957
60501
61046
61608
