738
1302
1832
2316
2870
3365
3864
4344
4872
5352
5932
6439
6967
7506
8060
8593
9117
9638
10117
10675
11178
11682
12193
12757
13298
13874
14411
14932
15491
16041
16568
17105
17611
18142
18643
19231
19768
20306
20860
21442
21991
22543
23145
23683
24289
24851
25381
25920
26457
27007
27476
28040
28505
29059
29561
30081
30604
31102
31614
32153
32667
33179
33650
34080
34589
35048
35514
35973
36459
36951
37416
37875
38309
38717
39175
39604
40059
40511
40976
41508
41913
42388
42867
43391
43870
44449
44957
45541
46029
46633
47092
47613
48146
48650
49265
49725
50246
50810
51361
51902
52447
52998
53584
54107
54661
55198
55772
56354
56951
57521
58047
58553
59075
59614
60145
60756
61236
61809
