616
1285
2087
3040
4012
4998
5961
6911
7836
8731
9597
10427
11229
11824
12739
13472
14220
15002
15820
16655
17501
18354
19227
20095
20961
21802
22610
23417
24232
25029
25836
26657
27511
28361
29182
30032
30882
31668
32435
33170
33880
34572
35256
35935
36615
37278
37933
38578
39217
39848
40467
41084
41698
42311
42923
43539
44175
44850
45593
46393
47178
47942
48694
49441
50164
50862
51560
52245
52923
53591
54269
54970
55705
56454
57215
57971
58730
59483
60209
60928
61637
62315
62988
