924
1597
2399
3351
4327
5311
6280
7227
8155
9045
9919
10726
11517
12023
13122
13752
14507
15291
16106
17021
17807
18635
19564
20405
21245
22098
22893
23707
24529
25366
26158
26981
27822
28641
29514
30304
31168
31962
32791
33441
34162
34870
35568
36219
36899
37567
38204
38855
39495
40116
40730
41354
41963
42571
43183
43816
44465
45135
45885
46670
47446
48217
48962
49710
50434
51129
51827
52514
53188
53854
54534
55235
55972
56719
57481
58235
58995
59747
60475
61192
61907
62574
63254
