689
1357
2165
3113
4093
5076
6042
6986
7912
8809
9669
10503
11303
11853
12808
13552
14280
15083
15911
16728
17580
18440
19311
20167
21036
21893
22680
23510
24306
25125
25908
26730
27568
28445
29257
30104
30959
31737
32509
33249
33954
34648
35332
36010
36688
37347
38018
38647
39291
39925
40544
41161
41771
42384
43006
43609
44260
44925
45666
46469
47253
48013
48764
49513
50238
50934
51633
52319
52996
53662
54341
55045
55776
56528
57293
58046
58801
59554
60284
61001
61719
62503
63061
