549
1256
1853
2478
3252
4053
4932
5748
6573
7424
8265
9054
9917
10740
11586
12410
13109
13813
14605
15481
16256
17027
17915
18725
19519
20346
21173
22035
22844
23709
24501
25303
26142
26885
27734
28547
29407
30210
31017
31880
32496
33218
33855
34510
35179
35811
36431
37047
37659
38348
39035
39728
40478
41183
41862
42553
43290
44011
44742
45511
46320
47128
47944
48790
49576
50430
51244
52043
52859
53644
54449
55257
56112
56943
57787
58578
59376
60256
61029
