264
783
1216
1811
2328
2825
3308
3868
4360
4862
5379
5886
6323
6899
7414
7925
8427
8925
9447
9944
10456
10971
11488
12004
12522
13041
13556
14069
14579
15101
15618
16123
16647
17157
17667
18178
18693
19210
19739
20241
20760
21271
21792
22324
22864
23349
23865
24392
24917
25457
25992
26523
27066
27601
28152
28690
29220
29748
30277
30808
nan
31834
32294
32877
33385
33891
34429
34833
35417
35934
36432
36934
37342
37924
38422
38925
39422
39911
40373
40950
41374
41866
42339
42759
43324
43808
44310
44792
45221
45684
46183
46697
47171
47662
48135
48634
49118
49650
50081
50564
51038
51530
52019
52492
52978
53463
53949
54445
54909
55416
55945
56372
56853
57322
57821
58286
58759
59227
59697
60189
60666
