332
847
1360
1872
2381
2891
3402
3911
4417
4923
5432
5943
6451
6962
7471
7978
8483
8988
9495
10004
10517
11033
11548
12066
12583
13097
13612
14127
14640
15154
15673
16186
16701
17214
17732
18244
18757
19272
19788
20306
20823
21338
21857
22377
22898
23414
23935
24459
24985
25518
26051
26585
27122
27666
28208
28747
29281
29816
30344
30876
31396
31910
32427
32939
33450
33960
34469
34976
35484
35985
36494
36992
37495
37994
38489
38985
39478
39972
40462
40954
41441
41927
42407
42895
43381
43866
44346
44829
45309
45791
46273
46754
47232
47716
48199
48685
49168
49653
50136
50619
51106
51590
52073
52558
53041
53529
54010
54498
54981
55465
55948
56426
56908
57383
57863
58340
58817
59292
59765
60240
60714
