960
1722
2496
3277
4026
4777
5549
6348
7105
7801
8529
9355
10269
11128
11903
12714
13543
14370
15141
15894
16656
17463
18245
18995
19783
20639
21522
22307
23087
23871
24663
25408
26170
26951
27745
28483
29255
30010
30683
31321
31933
32542
33153
33754
34342
34925
35525
36153
36782
37397
37997
38574
39145
39725
40339
40998
41679
42322
42927
43517
44133
44827
45614
46430
47231
47989
48690
49346
49988
50703
51510
52370
53191
53929
54614
55266
55985
56781
57633
58452
59196
59887
60588
