805	847	865	960	945	992	nan	1028	nan	nan	nan	455	409	830	349	549
1627	1641	1661	1722	1708	1754	1895	1792	1934	1985	2011	538	526	928	447	519
2206	2229	2241	2496	2482	2529	2603	2565	2805	2847	2884	498	449	850	415	521
3006	3029	3045	3277	3262	3309	3403	3349	3479	3502	3569	527	484	884	437	510
3763	3776	3842	4026	4010	4057	4145	4095	4247	4274	4318	515	457	897	408	533
4617	4661	4710	4777	4761	4809	4978	4844	4987	5034	5064	498	440	864	401	499
5485	5506	5547	5549	5533	5579	5662	5617	5815	5820	5841	568	520	903	451	506
6183	6219	6231	6348	6333	6380	6466	6421	6558	6606	6644	542	466	885	413	509
6941	6992	7009	7105	7090	7137	7263	7180	7348	7353	7400	519	449	924	389	520
7504	7557	7579	7801	7785	7832	7939	7874	7984	8037	8120	535	444	945	391	519
8256	8409	8426	8529	8513	8560	8643	8600	8706	8797	8837	539	481	960	421	488
9156	9210	9242	9355	9339	9387	9469	9425	9559	9624	9665	521	460	895	379	499
9996	10022	10036	10269	10253	10300	10453	10341	10345	10532	10569	533	464	878	392	513
10923	10929	10959	11128	11113	11160	11251	11199	11318	11394	11443	527	437	882	389	552
11665	11695	11706	11903	11888	11935	12063	11974	12070	12159	12221	520	443	899	376	515
12572	12596	12608	12714	12698	12745	12848	12785	12788	12971	13006	513	463	888	400	519
13352	13359	13372	13543	13528	13575	13670	13615	13751	13818	13842	512	483	885	433	554
nan	nan	nan	14370	nan	14402	14516	14441	14559	14628	14666	477	494	917	439	501
15046	15059	15088	15141	15126	15173	15290	15211	15347	15388	15429	519	429	908	394	516
15657	15686	15735	15894	15880	15926	nan	15962	nan	nan	nan	524	448	894	394	531
16501	16527	16564	16656	16641	16688	16823	16726	16992	17017	17033	519	463	875	411	550
17308	17333	17371	17463	17447	17495	17621	17534	17536	17720	17756	516	462	875	406	519
18125	18136	18154	18245	18230	18277	18485	18316	18368	18493	18558	512	454	910	391	523
18839	18854	18880	18995	18981	19027	19155	19067	19202	19253	19295	511	448	919	387	521
19621	19654	19709	19783	19768	19815	19916	19853	19983	20042	20076	514	447	906	387	531
20452	20484	20500	20639	20623	20670	20763	20710	20892	20922	20956	525	461	888	400	502
21349	21384	21393	21522	21507	21555	21717	21593	21770	21792	21855	523	465	893	414	514
22204	22224	22232	22307	22292	22339	22441	22379	22380	22563	22611	510	462	924	390	516
22978	23008	23029	23087	23072	23119	nan	23157	nan	nan	nan	524	464	918	401	504
23625	23644	23661	23871	23856	23904	24041	23944	24068	24124	24183	525	455	859	399	522
24423	24466	24504	24663	24648	24695	24791	24733	24858	24911	24984	515	474	886	424	536
25245	25277	25300	25408	25393	25439	25559	25479	25617	25663	25698	504	451	886	386	528
25910	25927	25963	26170	26155	26202	26344	26241	26242	26424	26479	521	454	863	399	507
26843	26869	26881	26951	26936	26983	27105	27019	27162	27208	27258	516	485	884	435	598
27585	27611	27627	27745	27730	27777	27864	27814	27960	27990	28059	518	454	918	420	583
28375	28395	28413	28483	28469	28515	28645	28555	28558	28739	28784	519	459	924	395	498
28969	28993	29031	29255	29240	29289	29335	29343	29518	29554	29581	495	423	892	346	478
29811	29824	29838	30010	29996	30042	30102	30082	30233	30256	30292	566	434	806	409	525
30599	30638	30644	30683	30670	30714	30820	30763	30890	30935	31010	491	533	885	402	520
31224	31239	31247	31321	31304	31352	31419	31385	31558	31573	31592	592	453	901	384	523
31680	31742	31762	31933	31920	31965	32077	32005	32157	32167	32184	530	490	849	435	515
32385	32435	32447	32542	32529	32574	32717	32618	32623	32800	32835	531	471	862	414	510
32955	32962	32997	33153	33139	33186	33389	33221	33229	33395	33456	521	474	869	410	519
33622	33637	33650	33754	33740	33786	33857	33826	33828	34013	34044	523	473	930	403	523
34220	34229	34246	34342	34328	34375	34482	34412	34584	34596	34628	526	464	942	402	518
34771	34804	34828	34925	34910	34957	35098	34997	35274	35306	35365	519	471	944	396	517
35272	35303	35365	35525	35511	35558	35643	35595	35904	35916	35944	525	475	929	405	522
36003	36034	36062	36153	36139	36185	36306	36224	36495	36509	36528	514	489	890	414	515
36563	36576	36585	36782	36765	36815	36876	36851	36998	37022	37045	532	457	851	419	509
37228	37244	37263	37397	37383	37429	37497	37466	37567	37638	37646	527	472	861	423	516
37924	37939	37948	37997	37983	38029	38078	38066	38253	38261	38288	521	477	888	420	519
38423	38459	38485	38574	38560	38606	38674	38643	38798	38817	38847	510	469	913	406	506
38994	39033	39075	39145	39129	39176	39249	39213	39344	39384	39403	526	433	908	367	526
39573	39607	39639	39725	39711	39757	39844	39795	39921	39973	39998	528	471	915	410	513
40221	40230	40252	40339	40325	40371	40449	40408	40555	40581	40605	539	471	895	420	508
40932	40944	40959	40998	40984	41031	41135	41068	41241	41278	41309	516	496	897	439	514
41399	41412	41441	41679	41664	41711	41802	41753	41926	41939	41956	511	453	889	407	511
42235	42246	42259	42322	42307	42354	42478	42391	42561	42579	42599	528	451	947	378	504
42799	42815	42828	42927	42912	42959	43063	42998	43270	43284	43296	527	447	998	384	532
43395	43405	43413	43517	43504	43550	43598	43588	43754	43762	43774	523	447	1011	375	519
44039	44051	44059	44133	44118	44164	44250	44203	44381	44395	44426	525	459	996	381	527
44569	44592	44600	44827	44813	44859	44973	44897	44898	45086	45122	535	462	990	389	511
45377	45385	45402	45614	45600	45646	45772	45682	45962	45995	46022	513	461	944	385	523
46285	46305	46337	46430	46418	46462	46570	46499	46646	46676	46710	531	468	896	397	507
47102	47115	47136	47231	47216	47262	47326	47295	47474	47484	47498	522	474	840	403	510
47742	47754	47765	47989	47972	48021	48129	48053	48056	48224	48243	520	473	850	423	514
48466	48479	48512	48690	48675	48722	48837	48757	48908	48935	48978	523	451	883	402	527
49225	49239	49252	49346	49331	49377	49495	49419	49568	49590	49605	520	479	963	406	506
49901	49914	49986	49988	49973	50021	50125	50058	50196	50230	50286	503	467	976	411	530
50620	50636	50646	50703	50690	50735	50813	50776	51050	51060	51074	540	471	936	396	519
51431	51444	51458	51510	51497	51542	51611	51590	51887	51900	51923	527	486	893	416	521
52113	52129	52143	52370	52351	52401	52483	52438	52603	52623	52663	518	471	818	395	510
52929	52944	52964	53191	53178	53222	53391	53258	53399	53427	53490	524	460	840	402	512
53787	53811	53825	53929	53914	53961	54046	53999	54158	54183	54219	520	457	910	395	530
54346	54353	54362	54614	54600	54646	54757	54681	54825	54864	54886	540	453	990	375	527
55120	55161	55174	55266	55253	55298	55510	55338	55484	55515	55571	521	455	997	386	520
55915	55929	55938	55985	55971	56017	56105	56056	56060	56237	56254	516	476	994	399	527
56508	56520	56544	56781	56767	56813	56873	56850	57046	57059	57091	527	456	915	401	520
57478	57503	57517	57633	57616	57665	57756	57708	57969	58000	58011	514	480	867	425	512
58312	58332	58344	58452	58438	58483	58688	58525	58533	58693	58734	516	480	874	435	522
