1219
1940
2640
3259
3958
4618
5299
5979
6637
7318
7978
nan
9238
9858
10498
11158
11838
12558
13358
14098
14878
15658
16439
17198
17939
18677
19419
20100
20800
21480
22120
22760
23459
24240
nan
25800
26581
27361
28162
28922
29682
30483
31283
nan
32943
33804
34685
35604
36524
37425
38305
39186
40087
40906
41766
42607
43488
44407
45248
46089
46948
47849
48688
49569
50490
51351
52191
52991
53771
54652
55551
56351
57294
58072
58874
