1258
1958
2657
3278
3998
4658
5318
5998
6678
7357
8017
nan
9276
9897
10517
11177
11856
12576
13377
14137
14917
15677
16457
17237
17958
18718
19436
20118
20839
21499
22138
22799
23498
24279
nan
25819
26599
27400
28180
28961
29720
30501
31322
nan
32981
33821
34702
35643
36562
37443
38344
39224
40104
40944
41785
42624
43505
44425
45266
46126
46987
47887
48727
49607
50508
51369
52209
53028
53790
54670
55571
56393
57331
58110
58891
