679	688	698	922	907	951	1009	999	1219	1242	1258	531	385	1021	386	526
1399	1407	1418	1628	1610	1657	1706	1718	1940	1949	1958	529	401	1022	380	542
2100	2108	2119	2331	2312	2359	2407	2417	2640	2647	2657	530	400	1010	389	535
2757	2768	2778	2980	2965	3008	3069	3060	3259	3269	3278	534	380	998	402	531
3439	3448	3457	3660	3645	3688	3750	3738	3958	3978	3998	527	386	1022	370	548
4119	4128	4137	4324	4308	4352	4408	4400	4618	4641	4658	535	393	1022	374	543
4699	4708	4718	4991	4972	5018	5066	5076	5299	5304	5318	535	394	1022	371	550
5379	5387	5397	5665	5649	5693	5747	5738	5979	5983	5998	536	403	1022	378	540
6078	6087	6097	6349	6331	6377	6426	6436	6637	6659	6678	536	399	1022	379	531
6758	6767	6776	7027	7010	7055	7107	7099	7318	7341	7357	534	402	1022	386	525
7458	7467	7476	7691	7673	7719	7767	7776	7978	7999	8017	532	400	994	392	520
8039	8047	8056	8330	8312	8358	nan	8416	nan	nan	nan	528	403	985	395	522
8758	8767	8777	8953	8935	8980	9047	9036	9238	9253	9276	531	394	992	394	529
9378	9386	9396	9569	9551	9597	9646	9656	9858	9883	9897	527	398	1022	390	539
9918	9927	9936	10192	10174	10220	10267	10276	10498	10506	10517	533	398	1020	384	539
10558	10566	10576	10846	10830	10875	10927	10935	11158	11167	11177	532	400	1014	389	533
11258	11267	11276	11536	11521	11565	11628	11617	11838	11849	11856	531	386	1007	389	537
11978	11987	11996	12256	12240	12284	12348	12336	12558	12571	12576	529	389	1022	378	542
12758	12767	12777	13034	13017	13063	13129	13117	13358	13365	13377	527	393	1017	384	532
13665	13691	13696	13797	13781	13825	13888	13878	14098	14114	14137	556	368	1016	373	547
14299	14307	14317	14583	14568	14613	14668	14659	14878	14902	14917	527	392	1022	369	547
15059	15067	15077	15349	15331	15377	15427	15421	15658	15667	15677	534	397	1022	378	540
15839	15847	15857	16121	16106	16149	16209	16198	16439	16444	16457	529	386	1022	375	531
16619	16627	16637	16902	16887	16931	16989	16978	17198	17221	17237	527	387	1022	379	534
17399	17407	17419	17644	17629	17673	17752	17721	17939	17952	17958	527	388	1021	389	535
18118	18126	18137	18380	18366	18409	18470	18460	18677	18699	18718	527	384	1022	372	535
18838	18847	18858	19104	19088	19133	19189	19180	19419	19426	19436	533	391	1022	381	534
19537	19547	19557	19801	19786	19830	19889	19880	20100	20108	20118	532	381	1018	392	531
20240	20249	20258	20500	20485	20529	20590	20579	20800	20821	20839	530	388	1022	371	541
20960	20968	20978	21163	21148	21193	21249	21240	21480	21485	21499	535	392	1022	374	536
21599	21609	21618	21806	21790	21836	21890	21880	22120	22124	22138	535	403	1022	376	529
22240	22249	22259	22458	22443	22487	22550	22539	22760	22779	22799	532	392	1022	379	526
22900	22908	22918	23158	23141	23186	23250	23237	23459	23477	23498	533	395	1019	377	528
23661	23668	23679	23937	23921	23966	24030	24018	24240	24255	24279	524	397	981	392	535
24461	24468	24479	24740	24725	24769	nan	24820	nan	nan	nan	521	387	1016	391	540
25221	25229	25239	25500	25485	25529	25591	25580	25800	25814	25819	530	380	1022	384	528
26002	26009	26019	26275	26257	26303	26371	26359	26581	26592	26599	525	394	1022	380	531
26782	26790	26799	27060	27046	27089	27152	27140	27361	27382	27400	525	386	1022	379	527
27561	27570	27580	27846	27832	27876	27931	27922	28162	28176	28180	527	393	1017	388	534
28342	28350	28360	28628	28613	28658	28709	28719	28922	28946	28961	526	396	1009	392	537
29102	29110	29120	29391	29374	29420	29470	29480	29682	29707	29720	528	398	1017	385	526
29883	29890	29901	30163	30149	30193	30253	30242	30483	30490	30501	525	390	1022	382	526
30703	30712	30721	30980	30965	31009	31073	31061	31283	31302	31322	522	388	1022	380	540
31720	31731	31740	31824	31810	31854	nan	31903	nan	nan	nan	519	388	1022	381	540
32363	32371	32381	32646	32631	32675	32732	32724	32943	32960	32981	521	392	1016	390	529
33203	33211	33221	33484	33470	33513	33573	33563	33804	33812	33821	521	390	1022	380	531
34104	34112	34122	34366	34352	34396	34454	34444	34685	34693	34702	519	390	1022	380	531
35203	35213	35222	35301	35286	35330	35395	35383	35604	35622	35643	517	387	1022	382	537
36122	36134	36142	36231	36215	36260	36313	36306	36524	36541	36562	519	399	1020	386	532
37024	37035	37044	37133	37117	37162	37212	37221	37425	37439	37443	518	399	1008	389	539
37924	37934	37943	38004	37990	38034	38095	38084	38305	38329	38344	519	386	1022	377	527
38785	38794	38804	38879	38860	38907	38954	38963	39186	39201	39224	519	393	1022	378	543
39486	39495	39504	39767	39753	39797	39855	39846	40087	40096	40104	519	390	1022	379	542
40346	40354	40365	40626	40612	40655	40714	40705	40906	40920	40944	521	385	1005	393	539
41166	41174	41184	41445	41431	41474	41537	41526	41766	41773	41785	523	387	1022	379	540
42007	42014	42024	42287	42273	42316	42376	42366	42607	42617	42624	522	391	1022	373	537
43066	43077	43085	43176	43159	43206	43255	43264	43488	43497	43505	520	400	1012	383	534
44006	44016	44025	44093	44078	44123	44176	44169	44407	44416	44425	519	400	1019	387	530
44668	44676	44686	44946	44932	44975	45038	45027	45248	45256	45266	521	384	1022	385	530
45508	45516	45526	45787	45773	45816	45878	45867	46089	46112	46126	522	387	1022	376	532
46388	46396	46406	46652	46637	46681	46738	46729	46948	46964	46987	519	392	1022	379	536
47268	47277	47286	47543	47524	47571	47638	47626	47849	47872	47887	519	391	1021	382	534
48306	48318	48326	48410	48396	48439	48498	48488	48688	48712	48727	519	385	1021	387	535
49167	49178	49187	49275	49260	49305	49359	49350	49569	49592	49607	520	398	1022	378	533
49910	49919	49929	50171	50157	50201	50260	50250	50490	50495	50508	519	391	1014	377	528
50790	50799	50809	51048	51033	51077	51139	51128	51351	51358	51369	520	391	979	394	535
51629	51638	51649	51892	51878	51922	51980	51971	52191	52197	52209	521	391	1020	389	535
52411	52419	52429	52697	52681	52726	52778	52788	52991	53007	53028	523	398	1017	384	529
53211	53220	53229	53496	53481	53525	53580	53572	53771	53781	53790	525	394	968	399	533
54051	54060	54070	54342	54324	54370	54419	54429	54652	54664	54670	524	406	995	388	527
55132	55141	55151	55227	55206	55253	55300	55330	55551	55556	55571	521	397	995	399	524
55817	55827	55840	56102	56083	56130	56179	56190	56351	56374	56393	530	399	861	423	541
