698
1418
2119
2778
3457
4137
4718
5397
6097
6776
7476
8056
8777
9396
9936
10576
11276
11996
12777
13696
14317
15077
15857
16637
17419
18137
18858
19557
20258
20978
21618
22259
22918
23679
24479
25239
26019
26799
27580
28360
29120
29901
30721
31740
32381
33221
34122
35222
36142
37044
37943
38804
39504
40365
41184
42024
43085
44025
44686
45526
46406
47286
48326
49187
49929
50809
51649
52429
53229
54070
55151
55840
56893
57591
58291
