905
1466
nan
2590
3104
3743
4288
4780
nan
5934
6608
7136
7719
nan
8718
9188
9901
10401
nan
11474
12079
12757
13357
nan
14505
nan
15793
16341
16902
17467
18012
18623
nan
19623
20119
20789
21227
21841
22345
22732
nan
23863
24492
25055
25470
26041
nan
27214
27749
nan
nan
29300
nan
30455
nan
nan
nan
32643
nan
33620
34101
34678
35261
35749
36248
36727
37205
37782
38233
38705
39180
39561
40105
40596
nan
41688
42190
42627
43158
43676
44273
44800
45273
45722
46361
46822
47435
47957
48515
48919
49427
50034
50570
51029
51498
52105
nan
53294
53799
54275
nan
nan
55960
56512
57019
57646
nan
58836
59415
nan
60517
60986
