696
1265
1829
2401
2977
3548
4104
4657
5216
5791
6368
6926
7462
7990
8520
9068
9641
10206
10776
11358
11957
12568
13159
13757
14364
14982
15583
16155
16722
17283
17851
18403
18951
19496
20049
20594
21119
21636
22146
22662
23190
23739
24289
24826
25362
25903
26455
27017
27558
28094
28633
29176
29718
30255
30789
31336
31905
32440
32974
33497
34022
34547
35062
35561
36052
36539
37027
37520
38016
38507
38993
39479
39968
40469
40982
41494
42000
42506
43018
43546
44084
44608
45129
45648
46174
46707
47233
47746
48258
48770
49298
49840
50377
50914
51310
52013
52550
53089
53614
54136
54661
55202
55765
56317
56878
57449
58040
58643
59216
59781
60334
60888
