509
1195
1643
2203
2910
3383
3988
4499
5144
5629
6192
6729
7387
7872
8406
8958
9469
10026
10597
11193
11769
12362
12973
13572
14161
14786
15478
15966
16652
17119
17667
18233
18767
19303
19888
20519
20927
21523
22075
22573
23072
23548
24172
24640
25251
25787
26340
26903
27449
27930
28515
29058
29521
30186
30672
31159
31701
32354
32889
33428
33907
34357
34945
35393
35937
36451
36841
37410
37916
38411
38924
39313
39901
40400
40804
41396
41893
42352
42902
43382
43879
44513
44945
45565
45986
46510
47157
47672
48189
48702
49197
49743
50197
50738
51187
51857
52386
53020
53507
54043
54598
55027
55563
56246
56687
57272
57842
58483
59037
59565
60132
60794
