743
759
803
811
795
747
757
792
811
789
754
744
767
816
817
794
740
743
790
817
794
747
750
801
805
773
740
762
813
808
764
738
766
823
787
792
779
736
747
806
808
779
742
743
794
816
789
745
736
788
811
793
738
729
786
811
743
698
762
819
807
797
740
750
783
811
806
788
753
736
770
803
808
812
769
745
768
804
813
801
748
760
797
818
808
799
748
750
812
822
808
763
757
793
555
808
771
748
773
818
813
802
741
762
810
819
807
747
755
816
819
801
