425
446
438
435
431
426
465
464
435
462
423
432
451
448
358
576
410
408
392
438
437
454
452
430
430
410
527
469
427
442
430
399
470
472
441
435
447
432
436
462
440
417
456
461
445
414
477
455
430
456
340
518
510
403
403
405
444
435
459
423
440
425
414
498
570
399
392
435
435
399
452
536
415
404
430
423
395
498
508
411
408
423
471
439
420
456
454
525
435
393
414
462
451
431
407
454
500
440
440
449
419
427
