660	672	705	848	831	876	950	926	1049	1090	1110	507	471	587	468	508
1400	1413	1425	1529	1514	1553	1564	1563	1740	1768	1834	536	508	600	580	545
1959	1975	1990	2222	2203	2261	2292	2316	2461	2467	2481	525	476	561	475	519
2848	2864	2877	2951	2937	2978	3013	3033	3169	3205	3223	504	475	585	474	497
3543	3556	3568	3678	3663	3704	3758	3710	3928	3936	3963	508	480	576	567	502
4295	4306	4322	4397	4384	4422	4474	4431	4594	4625	4664	500	476	578	564	530
4976	5006	5018	5117	5102	5143	5190	5152	5349	5383	5404	545	511	609	594	528
5745	5755	5782	5838	5820	5864	5907	5923	6073	6086	6101	519	479	592	487	500
6422	6444	6461	6587	6542	6596	6651	6625	6797	6811	6815	503	551	563	476	507
7160	7175	7183	7279	7262	7302	7369	7353	7504	7525	7538	508	471	565	475	515
7841	7854	7869	8040	7992	8044	8087	8074	8222	8245	8266	516	588	596	480	507
8541	8556	8584	8746	8730	8773	8817	8808	8978	9001	9045	520	483	594	486	509
9395	9409	9424	9503	9487	9525	9586	9533	9723	9750	9785	516	479	570	560	512
10110	10126	10138	10240	10227	10265	10338	10273	10491	10500	10526	521	496	591	584	550
10719	10735	10748	10982	10965	11020	11058	11048	11238	11251	11284	528	491	583	490	515
11520	11537	11553	11721	11699	11748	11813	11788	11971	11983	12000	506	471	579	468	493
12341	12372	12394	12461	12444	12484	12537	12493	12680	12723	12760	512	475	573	564	520
12925	12939	12955	13190	13176	13229	13255	13268	13434	13447	13463	521	483	585	486	519
13750	13760	13775	13943	13927	13978	14021	14032	14188	14206	14246	510	472	581	476	512
14571	14589	14595	14698	14684	14725	14767	14781	14945	14960	14971	519	487	596	481	496
15176	15188	15202	15451	15436	15478	15518	15484	15704	15712	15741	501	468	571	562	527
16107	16117	16141	16208	16192	16235	16282	16269	16463	16475	16509	535	498	599	498	527
16826	16869	16895	16972	16953	17000	17053	17040	17217	17236	17249	517	475	606	475	511
17511	17527	17550	17744	17729	17769	17830	17776	17989	18004	18036	503	470	572	560	523
18272	18295	18306	18508	18493	18545	18603	18592	18713	18745	18752	532	492	588	492	515
18990	19006	19016	19259	19243	19297	19333	19343	19508	19518	19546	516	474	577	470	498
19858	19874	19886	20005	19988	20033	20090	20039	20254	20265	20271	501	481	583	576	534
20528	20540	20567	20745	20729	20773	20821	20779	20974	20986	21010	539	487	588	579	534
21291	21304	21320	21486	21501	21516	21551	21522	21739	21753	21787	507	463	563	555	498
22115	22134	22145	22250	22234	22277	22336	22320	22499	22503	22504	505	472	577	471	502
22772	22786	22797	23011	23002	23042	23101	23087	23270	23283	23309	504	483	598	484	517
23683	23696	23711	23789	23776	23815	23864	23821	24029	24038	24058	524	487	584	576	524
24475	24494	24507	24586	24571	24613	24662	24652	24830	24846	24889	514	476	591	484	510
25279	25297	25315	25398	25384	25424	25489	25476	25636	25663	25677	508	484	611	474	527
25931	25947	25974	26204	26190	26228	26295	26236	26431	26453	26502	524	487	583	576	512
26876	26892	26904	27011	26997	27035	27082	27093	27237	27272	27318	511	468	573	481	513
27692	27707	27718	27826	27812	27852	27917	27884	28095	28104	28136	516	473	588	479	507
28542	28563	28576	28621	28608	28659	28696	28688	28874	28884	28900	485	468	572	483	547
29191	29202	29229	29407	29390	29433	29503	29486	29598	29621	29636	560	519	615	514	530
30093	30104	30124	30197	30182	30224	30287	30274	30427	30441	30461	504	466	580	468	505
30583	30598	30613	30845	30822	30861	30902	30890	30995	31023	31048	500	451	506	454	554
31575	31583	31597	31751	31736	31772	31791	31782	32002	32013	32045	549	498	577	520	542
32344	32396	32406	32491	32477	32515	32576	32526	32721	32737	32809	503	477	564	556	530
32994	33012	33029	33221	33206	33244	33257	33252	33455	33472	33535	519	474	559	540	507
33811	33823	33840	33922	33908	33946	33956	33956	34179	34185	34232	505	467	563	547	498
34493	34537	34552	34637	34622	34666	34730	34720	34784	34900	34938	507	472	588	473	510
35236	35267	35290	35383	35368	35410	35462	35454	35611	35637	35672	519	486	609	490	515
35995	36015	36042	36113	36099	36138	36201	36186	36330	36365	36432	514	472	572	472	504
36725	36743	36755	36835	36820	36861	36922	36909	37055	37094	37136	523	500	610	502	537
37300	37328	37348	37573	37559	37600	37646	37642	37815	37836	37875	525	482	599	486	508
38212	38224	38244	38323	38309	38350	38463	38392	38552	38585	38625	508	481	596	476	502
38979	38994	39014	39097	39051	39102	39160	39138	39302	39326	39372	496	552	564	480	527
39729	39748	39804	39806	39790	39832	39889	39838	40017	40055	40102	556	511	601	592	518
40292	40306	40322	40557	40542	40585	40639	40626	40790	40811	40853	510	468	579	470	504
41217	41223	41241	41322	41308	41348	41400	41391	41542	41562	41580	527	483	587	481	509
41823	41836	41860	42097	42096	42104	42165	42134	42288	42319	42367	510	553	564	477	508
42677	42709	42734	42816	42802	42844	42892	42884	43057	43068	43070	506	475	582	476	513
43440	43483	43499	43579	43566	43608	43673	43890	43819	43840	43848	512	485	648	487	506
44207	44226	44249	44329	44315	44367	44422	44407	44577	44591	44628	502	455	546	457	495
44992	45015	45025	45103	45057	45108	45183	45152	45312	45322	45396	548	612	620	528	547
45539	45553	45569	45816	45802	45843	45895	45913	46053	46066	46078	526	484	590	486	508
46468	46480	46497	46575	46560	46603	46671	46652	46817	46831	46863	496	465	583	468	501
47196	47244	47259	47342	47329	47381	47451	47414	47595	47603	47637	504	476	567	480	510
48006	48021	48038	48143	48096	48149	48202	48188	48349	48367	48411	509	568	577	483	510
48639	48652	48671	48883	48869	48911	48955	48948	49100	49141	49189	511	472	582	476	504
49545	49562	49573	49656	49642	49683	49744	49732	49898	49907	49938	527	493	611	495	527
50148	50155	50164	50446	50399	50452	50499	50474	50649	50661	50730	519	566	577	491	514
51027	51051	51064	51170	51156	51198	51270	51242	51368	51415	51473	510	474	579	480	511
51819	51830	51841	51927	51912	51955	52016	52000	52177	52189	52234	509	473	591	480	510
52581	52594	52608	52688	52673	52716	52768	52721	52920	52937	52991	514	481	581	574	515
53186	53196	53212	53441	53427	53468	53530	53473	53678	53696	53746	511	476	569	562	508
54087	54098	54115	54193	54178	54229	54320	54271	54375	54457	54490	508	473	583	483	522
54798	54824	54837	54941	54928	54979	55009	55021	55176	55194	55246	532	494	599	498	518
55419	55434	55446	55724	55678	55729	55785	55765	55945	55957	56001	512	568	575	482	507
56307	56337	56348	56452	56438	56490	56544	56515	56679	56698	56707	507	472	577	480	509
57110	57122	57135	57247	57200	57252	57310	57291	57448	57477	57508	510	583	592	481	508
57757	57767	57810	57980	57965	58019	58114	58051	58170	58247	58277	490	445	548	451	504
58624	58637	58654	58759	58712	58765	58807	58797	58950	58974	59042	563	609	620	528	548
59224	59239	59257	59491	59473	59499	59548	59528	59679	59699	59781	517	558	568	477	502
60077	60089	60099	60181	60168	60218	60285	60250	60436	60452	60495	506	469	579	474	499
60664	60694	60710	60902	60889	60939	60970	60981	61121	61163	61202	504	480	581	476	500
61524	61541	61552	61662	61616	61668	61719	61705	61867	61882	61940	512	560	575	481	513
