705
1425
1990
2877
3568
4322
5018
5782
6461
7183
7869
8584
9424
10138
10748
11553
12394
12955
13775
14595
15202
16141
16895
17550
18306
19016
19886
20567
21320
22145
22797
23711
24507
25315
25974
26904
27718
28576
29229
30124
30613
31597
32406
33029
33840
34552
35290
36042
36755
37348
38244
39014
39804
40322
41241
41860
42734
43499
44249
45025
45569
46497
47259
48038
48671
49573
50164
51064
51841
52608
53212
54115
54837
55446
56348
57135
57810
58654
59257
60099
60710
61552
62232
