660
1400
1959
2848
3543
4295
4976
5745
6422
7160
7841
8541
9395
10110
10719
11520
12341
12925
13750
14571
15176
16107
16826
17511
18272
18990
19858
20528
21291
22115
22772
23683
24475
25279
25931
26876
27692
28542
29191
30093
30583
31575
32344
32994
33811
34493
35236
35995
36725
37300
38212
38979
39729
40292
41217
41823
42677
43440
44207
44992
45539
46468
47196
48006
48639
49545
50148
51027
51819
52581
53186
54087
54798
55419
56307
57110
57757
58624
59224
60077
60664
61524
62194
