926
1563
2316
3033
3710
4431
5152
5923
6625
7353
8074
8808
9533
10273
11048
11788
12493
13268
14032
14781
15484
16269
17040
17776
18592
19343
20039
20779
21522
22320
23087
23821
24652
25476
26236
27093
27884
28688
29486
30274
30890
31782
32526
33252
33956
34720
35454
36186
36909
37642
38392
39138
39838
40626
41391
42134
42884
43890
44407
45152
45913
46652
47414
48188
48948
49732
50474
51242
52000
52721
53473
54271
55021
55765
56515
57291
58051
58797
59528
60250
60981
61705
nan
