741
1642
2359
3123
3842
4599
5274
6101
6743
7617
8399
9138
9940
10583
11401
12143
12903
13674
14262
14983
15800
16580
17362
18060
18839
19463
20299
21041
21762
22382
23058
23917
24537
25339
26137
26739
27580
28121
28798
29353
29782
30427
31003
32014
33126
33882
34620
35300
35970
36653
37215
38035
38693
39469
40054
40793
41535
42237
42787
43475
44232
45002
45794
46457
47199
47927
48656
49355
50058
50649
51391
52241
52971
53571
54345
55153
55851
56612
57350
57970
58673
59452
