964
1709
2444
3186
3925
4681
5298
6182
6969
7728
8487
9238
9994
10745
11486
12237
12988
13721
14472
15213
15949
16671
17426
18165
18927
19650
20379
21111
21852
22593
23310
24048
24771
25489
26225
26939
27643
28352
28810
29362
29861
30539
31030
32204
33265
33993
34678
35378
36069
36751
37424
38114
38811
39507
40213
40913
41610
42302
43006
43714
44416
45136
45848
46555
47277
48002
48717
49431
50153
50871
51591
52316
53044
53767
54497
55228
55948
56668
57394
58113
58825
59548
