724
1529
2323
3122
3911
4764
5644
6467
7314
8205
9136
10015
10876
11765
12639
13476
14367
15388
16313
17182
18078
18981
19884
20715
21564
22373
23172
23999
24863
25709
26573
27509
28483
29423
30400
31371
32267
33098
33868
34615
35348
36059
36781
37513
38260
38990
39712
40427
41158
41887
42629
43369
44134
44883
45637
46401
47169
47947
48749
49546
50332
51111
51909
52700
53482
54285
55123
55941
56736
57534
58351
59179
60035
60909
