676
1522
2304
3090
3838
4641
5410
6192
6797
7620
8338
9128
9868
10653
11363
12203
12967
13774
14519
15215
15837
16615
17443
18143
18856
19447
20272
21007
21743
22321
23186
23888
24638
25345
25936
26791
27479
28119
28759
29520
30200
30886
31596
32266
32935
33573
34007
34797
35426
35947
36511
37301
37756
38564
39211
39729
40475
41096
41747
42345
42861
43391
44089
44697
45443
46089
46613
47361
47983
48658
49160
49987
50685
51355
52013
52661
53193
53958
54451
55201
55839
56346
57202
57841
58513
59221
59745
60538
61195
