762
1587
2397
3160
3928
4731
5508
6278
7001
7713
8429
9181
9952
10750
11511
12279
13064
13828
14572
15308
16060
16811
17533
18246
18952
19665
20372
21079
21806
22542
23264
23978
24698
25432
26165
26878
27568
28246
28925
29607
30290
30977
31685
32346
32998
33634
34261
34886
35512
36134
36752
37378
38009
38653
39300
39935
40560
41183
41809
42433
43049
43658
44272
44899
45529
46172
46813
47438
48068
48719
49397
50079
50770
51443
52101
52751
53399
54040
54668
55291
55928
56592
57262
57931
58600
59281
59963
60632
61280
