846
1675
2494
3242
4025
4814
5594
6368
7086
7797
8516
9270
10044
10839
11589
12376
13151
13914
14664
15401
16147
16916
17624
18345
19042
19753
20461
21166
21901
22644
23362
24069
24783
25528
26251
26961
27649
28338
29019
29701
30375
31068
31895
32416
33087
33764
34347
34969
35599
36229
36848
37466
38089
38737
39383
40029
40648
41270
41907
42543
43144
43747
44363
44990
45629
46258
46901
47536
48158
48805
49490
50172
50858
51542
52199
52837
53505
54122
54761
55373
56013
56681
57348
58018
58687
59371
60046
60719
nan
