774
1531
2451
3294
4130
4913
5530
6232
6929
7548
8168
8910
9370
10028
10951
11549
12329
13069
14011
14550
15229
15909
16630
17471
18051
18892
19410
20270
20971
21533
22310
23153
23712
24448
25294
25791
26452
27132
27832
28552
29295
30199
30933
31489
32216
32999
33782
34251
35000
35676
36229
36881
37427
38082
38626
39099
39683
40279
40862
41502
42183
42744
43163
43724
44363
45085
45563
46223
47044
47686
48324
48783
49387
49982
50626
51243
51903
52745
53387
53862
54664
55271
55845
56304
56901
57643
58209
58792
59728
60711
61608
