900
1642
2406
3200
3884
4657
5451
6164
6871
7632
8389
9103
9794
10556
11254
11932
12622
13347
14065
14820
15576
16333
17100
17846
18565
19290
20028
20739
21485
22233
22962
23689
24478
25205
26017
26885
27734
28531
29306
30002
30818
31523
32247
32967
33694
34397
35104
35823
36569
37299
38023
38702
39398
40149
40785
41546
42256
42980
43655
44303
45060
45719
46361
47047
47740
48422
49101
49835
50555
51277
51966
52671
53442
54133
54884
55585
56251
56947
57617
58355
59034
59747
60455
61180
61899
nan
